date,open,high,low,close,prev_vwap,trade_type,entry,quantity,target,exit,target_hit,brokerage,tax_charges,pnl_absolute,pnl_percent,capital
2025-01-02,762.00,777.00,737.75,774.65,767.96,LONG,762.00,1312,767.96,767.96,true,40.00,401.46,7378.06,0.74,1007378.06
2025-01-03,773.00,803.70,763.35,780.00,760.59,SHORT,773.00,1303,760.59,780.00,false,40.00,404.71,-9565.71,-0.95,997812.35
2025-01-06,784.40,784.40,721.55,725.90,783.20,SHORT,784.40,1272,783.20,783.20,true,40.00,398.80,1087.60,0.11,998899.95
2025-01-07,731.90,741.00,723.30,731.00,738.42,LONG,731.90,1364,738.42,738.42,true,40.00,401.10,8452.18,0.85,1007352.13
2025-01-08,733.95,742.85,724.00,729.35,731.56,SHORT,733.95,1372,731.56,731.56,true,40.00,402.14,2836.94,0.28,1010189.07
2025-01-09,729.00,737.85,721.35,727.60,730.45,LONG,729.00,1385,730.45,730.45,true,40.00,404.27,1563.98,0.15,1011753.05
2025-01-10,725.30,728.80,700.05,722.85,730.26,LONG,725.30,1394,730.26,722.85,false,40.00,403.74,-3859.04,-0.38,1007894.01
2025-01-13,702.20,715.00,696.30,709.30,716.76,LONG,702.20,1435,716.76,709.30,false,40.00,405.10,9743.40,0.97,1017637.41
2025-01-14,705.00,730.00,705.00,729.50,705.23,SKIP,,,,,,,,,,1017637.41
2025-01-15,718.95,728.80,702.10,710.75,724.03,LONG,718.95,1415,724.03,724.03,true,40.00,408.36,6739.84,0.66,1024377.24
2025-01-16,712.25,728.35,712.25,717.00,711.19,SHORT,712.25,1438,711.19,717.00,false,40.00,411.05,-7281.55,-0.71,1017095.69
2025-01-17,719.90,724.55,711.05,716.05,719.88,SKIP,,,,,,,,,,1017095.69
2025-01-20,715.30,734.00,711.50,727.10,716.81,LONG,715.30,1421,716.81,716.81,true,40.00,407.01,1698.70,0.17,1018794.40
2025-01-21,737.70,746.70,705.60,711.05,725.74,SHORT,737.70,1381,725.74,725.74,true,40.00,404.20,16072.56,1.58,1034866.95
2025-01-22,712.95,717.65,682.55,691.30,720.56,LONG,712.95,1451,720.56,691.30,false,40.00,407.51,-31861.66,-3.08,1003005.29
2025-01-23,702.00,708.40,688.55,693.85,693.01,SHORT,702.00,1428,693.01,693.01,true,40.00,398.41,12399.31,1.24,1015404.60
2025-01-24,695.75,697.55,671.65,672.80,699.15,LONG,695.75,1459,699.15,672.80,false,40.00,399.34,-33923.39,-3.34,981481.20
2025-01-27,673.90,673.90,650.10,654.15,678.03,LONG,673.90,1456,678.03,654.15,false,40.00,386.73,-29182.73,-2.97,952298.47
2025-01-28,648.00,663.00,646.95,660.95,657.99,LONG,648.00,1469,657.99,657.99,true,40.00,383.70,14251.61,1.50,966550.09
2025-01-29,660.00,683.10,660.00,672.55,655.22,SHORT,660.00,1464,655.22,672.55,false,40.00,390.17,-18803.37,-1.95,947746.71
2025-01-30,678.65,682.45,665.00,670.05,672.57,SHORT,678.65,1396,672.57,672.57,true,40.00,377.26,8070.42,0.85,955817.13
2025-01-31,664.90,673.45,656.55,658.80,669.50,LONG,664.90,1437,669.50,669.50,true,40.00,383.51,6186.69,0.65,962003.83
2025-02-01,656.00,675.05,651.30,653.15,666.08,LONG,656.00,1466,666.08,666.08,true,40.00,387.63,14349.65,1.49,976353.47
2025-02-03,645.55,692.00,645.00,685.05,660.92,LONG,645.55,1512,660.92,660.92,true,40.00,395.08,22804.36,2.34,999157.84
2025-02-04,694.00,699.00,676.00,677.95,671.76,SHORT,694.00,1439,671.76,677.95,false,40.00,394.85,22661.10,2.27,1021818.94
2025-02-05,680.00,704.40,680.00,693.95,687.97,LONG,680.00,1502,687.97,687.97,true,40.00,410.94,11520.00,1.13,1033338.94
2025-02-06,685.10,747.00,685.10,735.60,693.87,LONG,685.10,1508,693.87,693.87,true,40.00,415.90,12769.26,1.24,1046108.20
2025-02-07,735.00,765.00,695.05,750.20,730.24,SHORT,735.00,1423,730.24,730.24,true,40.00,417.01,6316.47,0.60,1052424.68
2025-02-10,748.95,753.00,715.00,716.60,740.92,SHORT,748.95,1405,740.92,740.92,true,40.00,418.65,10823.50,1.03,1063248.17
2025-02-11,713.75,717.95,674.35,677.10,732.32,LONG,713.75,1489,732.32,677.10,false,40.00,414.20,-55026.05,-5.18,1008222.13
2025-02-12,678.05,687.90,647.20,676.05,691.00,LONG,678.05,1486,691.00,676.05,false,40.00,402.44,-3414.44,-0.34,1004807.69
2025-02-13,685.70,699.55,675.80,680.00,662.98,SHORT,685.70,1465,662.98,680.00,false,40.00,400.15,7910.35,0.79,1012718.04
2025-02-14,689.60,689.60,639.15,661.70,683.42,SHORT,689.60,1468,683.42,683.42,true,40.00,403.12,8629.12,0.85,1021347.16
2025-02-17,662.00,678.65,645.05,668.00,661.79,SKIP,,,,,,,,,,1021347.16
2025-02-18,658.00,674.00,646.00,672.50,666.48,LONG,658.00,1552,666.48,666.48,true,40.00,411.12,12709.84,1.24,1034057.00
2025-02-19,661.25,685.25,658.55,670.05,661.89,SKIP,,,,,,,,,,1034057.00
2025-02-20,661.05,752.00,661.00,735.00,674.69,LONG,661.05,1564,674.69,674.69,true,40.00,417.82,20875.14,2.02,1054932.14
2025-02-21,733.00,739.90,698.50,700.40,696.39,SHORT,733.00,1439,696.39,700.40,false,40.00,412.53,46458.87,4.40,1101391.01
2025-02-24,690.00,723.80,687.95,696.85,716.29,LONG,690.00,1596,716.29,716.29,true,40.00,448.89,41469.95,3.77,1142860.96
2025-02-25,699.95,724.85,695.05,710.70,706.61,LONG,699.95,1632,706.61,706.61,true,40.00,459.10,10370.02,0.91,1153230.98
2025-02-27,720.00,745.95,684.60,700.10,711.82,SHORT,720.00,1601,711.82,711.82,true,40.00,458.47,12597.71,1.09,1165828.69
2025-02-28,700.30,702.70,679.40,690.80,713.04,LONG,700.30,1664,713.04,690.80,false,40.00,462.96,-16310.96,-1.40,1149517.73
2025-03-03,680.00,711.70,675.75,708.75,690.48,LONG,680.00,1690,690.48,690.48,true,40.00,463.22,17207.98,1.50,1166725.71
2025-03-04,690.85,725.00,685.00,721.80,695.63,LONG,690.85,1688,695.63,695.63,true,40.00,468.08,7560.56,0.65,1174286.28
2025-03-05,729.30,749.90,723.00,729.50,714.02,SHORT,729.30,1610,714.02,729.50,false,40.00,469.73,-831.73,-0.07,1173454.54
2025-03-06,748.00,762.00,689.00,695.20,736.00,SHORT,748.00,1568,736.00,736.00,true,40.00,465.38,18310.62,1.56,1191765.16
2025-03-07,703.60,715.00,680.75,685.85,721.44,LONG,703.60,1693,721.44,685.85,false,40.00,470.47,-30561.22,-2.57,1161203.94
2025-03-10,690.10,700.60,677.30,699.45,695.68,LONG,690.10,1682,695.68,695.68,true,40.00,466.18,8879.38,0.76,1170083.33
2025-03-11,685.00,704.95,680.10,704.00,693.01,LONG,685.00,1708,693.01,693.01,true,40.00,470.73,13170.35,1.13,1183253.68
2025-03-12,702.60,727.70,691.00,700.80,696.89,SHORT,702.60,1684,696.89,696.89,true,40.00,471.35,9104.29,0.77,1192357.97
2025-03-13,697.00,707.80,689.55,701.95,704.52,LONG,697.00,1710,704.52,704.52,true,40.00,479.32,12339.88,1.04,1204697.85
2025-03-17,694.00,708.50,677.80,705.35,700.24,LONG,694.00,1735,700.24,700.24,true,40.00,483.80,10302.60,0.86,1215000.45
2025-03-18,698.90,703.95,685.75,697.25,689.07,SHORT,698.90,1738,689.07,689.07,true,40.00,482.46,16562.08,1.36,1231562.53
2025-03-19,697.05,724.00,695.00,705.15,693.06,SHORT,697.05,1766,693.06,705.15,false,40.00,495.26,-14839.86,-1.21,1216722.67
2025-03-20,711.70,728.00,703.25,721.40,709.44,SHORT,711.70,1709,709.44,709.44,true,40.00,485.75,3336.59,0.27,1220059.27
2025-03-21,726.50,736.00,718.65,727.05,718.69,SHORT,726.50,1679,718.69,718.69,true,40.00,485.29,12587.70,1.03,1232646.96
2025-03-24,726.40,742.00,725.00,738.60,726.52,SKIP,,,,,,,,,,1232646.96
2025-03-25,743.00,745.00,720.55,733.40,736.31,SHORT,743.00,1659,736.31,736.31,true,40.00,490.84,10567.87,0.86,1243214.84
2025-03-26,731.00,755.00,723.00,739.00,730.58,SKIP,,,,,,,,,,1243214.84
2025-03-27,730.00,760.00,726.90,756.40,741.33,LONG,730.00,1703,741.33,741.33,true,40.00,501.13,18753.86,1.51,1261968.69
2025-03-28,755.55,783.00,750.70,760.65,744.88,SHORT,755.55,1670,744.88,760.65,false,40.00,506.41,-9063.41,-0.72,1252905.28
2025-04-01,749.45,764.20,740.65,757.50,768.54,LONG,749.45,1671,768.54,757.50,false,40.00,503.62,12907.93,1.03,1265813.21
2025-04-02,759.90,761.20,741.55,745.55,748.97,SHORT,759.90,1665,748.97,748.97,true,40.00,502.45,17656.00,1.40,1283469.21
2025-04-03,734.95,775.00,731.65,759.50,746.71,LONG,734.95,1746,746.71,746.71,true,40.00,517.40,19975.56,1.56,1303444.77
2025-04-04,764.60,764.60,710.10,716.60,762.15,SHORT,764.60,1704,762.15,762.15,true,40.00,520.32,3614.48,0.28,1307059.25
2025-04-07,679.50,688.95,657.00,664.45,725.78,LONG,679.50,1923,725.78,664.45,false,40.00,516.88,-29498.03,-2.26,1277561.22
2025-04-08,678.95,688.00,671.00,682.55,667.13,SHORT,678.95,1881,667.13,682.55,false,40.00,512.20,-7323.80,-0.57,1270237.42
2025-04-09,676.00,680.95,640.00,640.00,681.21,LONG,676.00,1879,681.21,640.00,false,40.00,494.55,-68178.55,-5.37,1202058.87
2025-04-11,670.00,675.00,652.70,668.95,650.06,SHORT,670.00,1794,650.06,668.95,false,40.00,480.42,1363.28,0.11,1203422.16
2025-04-15,672.95,792.00,672.95,776.00,665.21,SHORT,672.95,1788,665.21,776.00,false,40.00,518.14,-184811.54,-15.36,1018610.61
2025-04-16,753.65,759.45,730.10,730.55,762.96,LONG,753.65,1351,762.96,730.55,false,40.00,401.03,-31649.13,-3.11,986961.48
2025-04-17,727.60,734.80,716.60,721.10,741.47,LONG,727.60,1356,741.47,721.10,false,40.00,392.89,-9246.89,-0.94,977714.59
2025-04-21,723.95,731.55,716.30,722.00,724.83,LONG,723.95,1350,724.83,724.83,true,40.00,391.17,756.83,0.08,978471.42
2025-04-22,725.50,734.00,705.00,706.20,724.03,SHORT,725.50,1348,724.03,724.03,true,40.00,390.79,1550.77,0.16,980022.19
2025-04-23,714.60,721.00,705.20,710.00,715.50,LONG,714.60,1371,715.50,715.50,true,40.00,392.13,801.77,0.08,980823.96
2025-04-24,712.00,718.20,706.00,708.10,712.76,LONG,712.00,1377,712.76,712.76,true,40.00,392.38,614.14,0.06,981438.10
2025-04-25,710.00,711.05,684.00,686.10,709.67,SKIP,,,,,,,,,,981438.10
2025-04-28,680.00,688.25,675.40,681.30,690.53,LONG,680.00,1443,690.53,681.30,false,40.00,392.87,1443.03,0.15,982881.13
2025-04-29,685.00,726.00,681.95,714.50,679.24,SHORT,685.00,1434,679.24,714.50,false,40.00,401.38,-42744.38,-4.35,940136.75
2025-04-30,710.00,719.05,694.00,696.65,713.57,LONG,710.00,1324,713.57,713.57,true,40.00,376.96,4309.72,0.46,944446.47
2025-05-02,692.00,720.00,691.95,717.00,705.98,LONG,692.00,1364,705.98,705.98,true,40.00,381.37,18647.35,1.98,963093.82
2025-05-05,720.00,730.00,715.05,717.55,711.57,SHORT,720.00,1337,711.57,717.55,false,40.00,384.40,2851.25,0.30,965945.07
2025-05-06,714.00,739.00,712.80,719.75,721.94,LONG,714.00,1352,721.94,721.94,true,40.00,388.28,10306.60,1.07,976251.67
2025-05-07,695.00,723.65,695.00,719.25,728.64,LONG,695.00,1404,728.64,719.25,false,40.00,397.12,33609.88,3.44,1009861.55
2025-05-08,720.00,729.85,706.50,714.55,713.98,SHORT,720.00,1402,713.98,713.98,true,40.00,402.09,7997.95,0.79,1017859.50
2025-05-09,700.00,709.50,687.05,708.40,719.96,LONG,700.00,1454,719.96,708.40,false,40.00,409.56,11764.04,1.16,1029623.54
2025-05-12,720.00,727.20,708.90,713.25,698.82,SHORT,720.00,1430,698.82,713.25,false,40.00,409.91,9202.59,0.89,1038826.13
2025-05-13,717.00,727.00,710.15,726.05,714.60,SHORT,717.00,1448,714.60,714.60,true,40.00,414.59,3020.61,0.29,1041846.74
2025-05-14,750.45,785.00,735.60,758.70,719.71,SHORT,750.45,1388,719.71,758.70,false,40.00,418.94,-11909.94,-1.14,1029936.80
2025-05-15,763.90,769.75,745.85,755.30,758.73,SHORT,763.90,1348,758.73,758.73,true,40.00,410.50,6518.66,0.63,1036455.46
2025-05-16,758.00,760.75,741.05,749.50,757.76,SKIP,,,,,,,,,,1036455.46
2025-05-19,755.00,759.85,736.65,748.05,750.09,SHORT,755.00,1372,750.09,750.09,true,40.00,413.00,6283.52,0.61,1042738.98
2025-05-20,754.40,759.20,721.70,732.00,748.79,SHORT,754.40,1382,748.79,748.79,true,40.00,415.48,7297.54,0.70,1050036.52
2025-05-21,735.00,750.10,726.00,741.40,732.04,SHORT,735.00,1428,732.04,732.04,true,40.00,418.99,3767.89,0.36,1053804.41
2025-05-22,740.00,743.25,719.85,720.60,743.30,LONG,740.00,1424,743.30,720.60,false,40.00,415.98,-28081.58,-2.66,1025722.83
2025-05-23,722.00,728.90,711.10,718.90,729.42,LONG,722.00,1420,729.42,718.90,false,40.00,409.22,-4851.22,-0.47,1020871.62
2025-05-26,723.05,738.80,722.15,738.40,719.85,SHORT,723.05,1411,719.85,738.40,false,40.00,412.42,-22111.27,-2.17,998760.35
2025-05-27,735.45,748.80,727.50,728.95,732.47,SHORT,735.45,1358,732.47,732.47,true,40.00,398.69,3608.15,0.36,1002368.50
2025-05-28,734.50,737.45,726.05,729.35,733.95,SKIP,,,,,,,,,,1002368.50
2025-05-29,735.90,735.90,707.00,720.65,729.51,SHORT,735.90,1362,729.51,729.51,true,40.00,399.18,8264.00,0.82,1010632.50
2025-05-30,720.00,784.40,711.95,759.95,714.65,SHORT,720.00,1403,714.65,714.65,true,40.00,402.56,7063.49,0.70,1017695.99
2025-06-02,748.00,748.00,721.00,721.00,752.86,LONG,748.00,1360,752.86,721.00,false,40.00,399.57,-37159.57,-3.65,980536.42
2025-06-03,728.90,730.45,721.10,726.55,729.62,SKIP,,,,,,,,,,980536.42
2025-06-04,727.85,743.40,723.80,725.95,726.07,SHORT,727.85,1347,726.07,726.07,true,40.00,391.69,1965.97,0.20,982502.39
2025-06-05,724.00,742.25,724.00,730.75,730.43,LONG,724.00,1357,730.43,730.43,true,40.00,394.73,8290.78,0.84,990793.17
2025-06-06,736.50,739.95,728.40,737.00,731.32,SHORT,736.50,1345,731.32,731.32,true,40.00,394.84,6532.26,0.66,997325.43
2025-06-09,743.00,773.50,740.70,762.90,735.39,SHORT,743.00,1342,735.39,762.90,false,40.00,404.18,-27149.98,-2.72,970175.44
2025-06-10,764.40,773.50,760.10,761.75,760.75,SHORT,764.40,1269,760.75,760.75,true,40.00,387.08,4204.77,0.43,974380.21
2025-06-11,763.00,779.90,760.60,768.50,764.38,LONG,763.00,1277,764.38,764.38,true,40.00,390.09,1332.17,0.14,975712.38
2025-06-12,774.85,802.00,748.65,750.40,769.45,SHORT,774.85,1259,769.45,769.45,true,40.00,388.85,6369.75,0.65,982082.12
2025-06-13,726.00,774.30,726.00,770.65,774.99,LONG,726.00,1352,774.99,770.65,false,40.00,404.69,59922.11,6.10,1042004.23
2025-06-16,766.15,773.25,758.85,763.45,760.88,SHORT,766.15,1360,760.88,760.88,true,40.00,415.35,6711.85,0.64,1048716.08
2025-06-17,760.00,766.20,748.05,749.65,764.96,LONG,760.00,1379,764.96,764.96,true,40.00,420.58,6379.26,0.61,1055095.33
2025-06-18,752.95,759.90,735.80,739.45,754.91,LONG,752.95,1401,754.91,754.91,true,40.00,422.50,2283.46,0.22,1057378.79
2025-06-19,744.35,744.35,716.60,728.30,746.26,LONG,744.35,1420,746.26,728.30,false,40.00,418.23,-23249.23,-2.20,1034129.56
2025-06-20,741.00,774.00,720.00,771.25,726.11,SHORT,741.00,1395,726.11,726.11,true,40.00,409.32,20322.23,1.97,1054451.78
2025-06-23,766.85,772.50,749.25,753.35,754.77,SHORT,766.85,1375,754.77,754.77,true,40.00,418.45,16151.55,1.53,1070603.34
2025-06-24,754.30,758.50,736.50,746.30,757.12,LONG,754.30,1419,757.12,757.12,true,40.00,428.94,3532.64,0.33,1074135.98
2025-06-25,747.00,777.25,747.00,762.50,745.65,SHORT,747.00,1437,745.65,762.50,false,40.00,433.83,-22747.33,-2.12,1051388.65
2025-06-26,765.00,765.10,746.05,747.00,763.60,SHORT,765.00,1374,763.60,763.60,true,40.00,420.06,1463.54,0.14,1052852.19
2025-06-27,753.00,768.50,744.10,762.65,753.40,SKIP,,,,,,,,,,1052852.19
2025-06-30,770.00,783.30,762.25,773.65,759.63,SHORT,770.00,1367,759.63,773.65,false,40.00,422.03,-5451.58,-0.52,1047400.60
2025-07-01,780.00,780.00,764.40,778.00,772.70,SHORT,780.00,1342,772.70,772.70,true,40.00,416.74,9339.86,0.89,1056740.46
2025-07-02,777.00,838.50,769.60,788.05,774.81,SHORT,777.00,1360,774.81,774.81,true,40.00,422.09,2516.31,0.24,1059256.77
2025-07-03,791.10,802.45,775.00,790.00,813.99,LONG,791.10,1338,813.99,790.00,false,40.00,423.10,-1934.90,-0.18,1057321.87
2025-07-04,795.90,795.90,784.20,793.00,789.11,SHORT,795.90,1328,789.11,789.11,true,40.00,420.98,8556.14,0.81,1065878.01
2025-07-07,792.75,808.65,788.00,792.75,789.58,SHORT,792.75,1344,789.58,789.58,true,40.00,425.33,3795.15,0.36,1069673.16
2025-07-08,794.25,797.95,780.00,786.05,797.99,LONG,794.25,1346,797.99,786.05,false,40.00,425.42,-11502.62,-1.08,1058170.54
2025-07-09,787.40,793.30,778.55,781.05,787.32,SKIP,,,,,,,,,,1058170.54
2025-07-10,785.00,791.85,780.20,781.40,785.96,LONG,785.00,1347,785.96,785.96,true,40.00,423.22,829.90,0.08,1059000.44
2025-07-11,786.85,792.85,776.25,782.50,785.02,SHORT,786.85,1345,785.02,785.02,true,40.00,422.83,1998.52,0.19,1060998.96
2025-07-14,783.00,825.95,783.00,823.25,783.47,SKIP,,,,,,,,,,1060998.96
2025-07-15,826.20,828.00,809.15,811.20,813.98,SHORT,826.20,1284,813.98,813.98,true,40.00,421.20,15229.28,1.44,1076228.24
2025-07-16,801.75,814.95,801.75,812.00,816.28,LONG,801.75,1342,816.28,812.00,false,40.00,433.13,13282.37,1.23,1089510.61
2025-07-17,818.85,836.30,811.75,818.30,811.32,SHORT,818.85,1330,811.32,818.30,false,40.00,435.48,256.02,0.02,1089766.63
2025-07-18,828.50,839.00,813.50,815.35,824.35,SHORT,828.50,1315,824.35,824.35,true,40.00,434.70,4982.55,0.46,1094749.18
2025-07-21,820.00,831.00,804.85,807.00,820.39,SKIP,,,,,,,,,,1094749.18
2025-07-22,811.00,812.70,796.15,808.00,819.00,LONG,811.00,1349,819.00,808.00,false,40.00,436.81,-4523.81,-0.41,1090225.37
2025-07-23,802.00,819.00,802.00,817.30,805.97,LONG,802.00,1359,805.97,805.97,true,40.00,437.05,4918.18,0.45,1095143.56
2025-07-24,816.00,827.75,807.15,822.50,812.42,SHORT,816.00,1342,812.42,812.42,true,40.00,437.07,4327.29,0.40,1099470.85
2025-07-25,825.60,850.90,822.50,837.90,822.01,SHORT,825.60,1331,822.01,837.90,false,40.00,442.82,-16854.12,-1.53,1082616.73
2025-07-28,833.00,849.50,818.55,824.20,839.00,LONG,833.00,1299,839.00,839.00,true,40.00,434.39,7319.61,0.68,1089936.34
2025-07-29,821.00,834.00,820.75,833.85,834.62,LONG,821.00,1327,834.62,833.85,false,40.00,439.20,16572.75,1.52,1106509.09
2025-07-30,830.00,853.50,830.00,846.60,828.43,SHORT,830.00,1333,828.43,846.60,false,40.00,446.98,-22614.78,-2.04,1083894.31
2025-07-31,831.00,837.30,800.50,805.65,845.08,LONG,831.00,1304,845.08,805.65,false,40.00,426.84,-33523.24,-3.09,1050371.07
2025-08-01,814.00,818.05,781.25,784.10,819.42,LONG,814.00,1290,819.42,784.10,false,40.00,412.31,-39023.31,-3.72,1011347.76
2025-08-04,795.20,809.60,785.15,805.25,800.26,LONG,795.20,1271,800.26,800.26,true,40.00,405.57,5985.69,0.59,1017333.46
2025-08-05,811.55,811.55,789.45,794.95,800.42,SHORT,811.55,1253,800.42,800.42,true,40.00,403.96,13501.93,1.33,1030835.39
2025-08-06,798.00,807.95,788.30,793.85,792.89,SHORT,798.00,1291,792.89,792.89,true,40.00,410.77,6146.24,0.60,1036981.63
2025-08-07,798.00,798.90,778.50,791.05,793.12,SHORT,798.00,1299,793.12,793.12,true,40.00,413.37,5885.75,0.57,1042867.38
2025-08-08,815.25,864.00,815.25,827.90,789.05,SHORT,815.25,1279,789.05,827.90,false,40.00,420.32,-16639.67,-1.60,1026227.71
2025-08-11,840.00,904.35,810.85,892.00,834.49,SHORT,840.00,1221,834.49,834.49,true,40.00,408.91,6278.80,0.61,1032506.51
2025-08-12,903.95,904.00,871.55,876.30,870.37,SHORT,903.95,1142,870.37,876.30,false,40.00,406.61,31129.69,3.02,1063636.20
2025-08-13,865.00,909.95,865.00,902.00,887.30,LONG,865.00,1229,887.30,887.30,true,40.00,430.72,26935.98,2.53,1090572.18
2025-08-14,902.90,907.40,884.00,887.20,898.78,SHORT,902.90,1207,898.78,898.78,true,40.00,434.93,4497.91,0.41,1095070.10
2025-08-18,897.00,909.85,882.00,900.00,894.29,SHORT,897.00,1220,894.29,894.29,true,40.00,437.07,2829.13,0.26,1097899.22
2025-08-19,901.95,917.50,892.00,911.00,898.64,SHORT,901.95,1217,898.64,898.64,true,40.00,438.26,3550.01,0.32,1101449.23
2025-08-20,912.00,917.50,895.00,912.40,909.44,SHORT,912.00,1207,909.44,909.44,true,40.00,439.70,2610.22,0.24,1104059.45
2025-08-21,901.00,931.95,901.00,924.85,908.69,LONG,901.00,1225,908.69,908.69,true,40.00,443.37,8936.88,0.81,1112996.33
2025-08-22,930.00,939.00,913.45,925.00,924.89,SHORT,930.00,1196,924.89,924.89,true,40.00,443.69,5627.87,0.51,1118624.20
2025-08-25,940.00,943.00,905.00,906.50,930.91,SHORT,940.00,1190,930.91,930.91,true,40.00,445.28,10331.82,0.92,1128956.02
2025-08-26,879.00,879.00,851.25,861.10,921.56,LONG,879.00,1284,921.56,861.10,false,40.00,446.86,-23470.46,-2.08,1105485.57
2025-08-28,855.05,860.35,813.40,817.85,870.65,LONG,855.05,1292,870.65,817.85,false,40.00,432.28,-48534.68,-4.39,1056950.89
2025-08-29,825.50,834.40,804.55,821.85,830.19,LONG,825.50,1280,830.19,830.19,true,40.00,423.86,5539.34,0.52,1062490.23
2025-09-01,829.80,846.30,827.10,845.05,819.48,SHORT,829.80,1280,819.48,845.05,false,40.00,428.76,-19988.76,-1.88,1042501.47
2025-09-02,848.00,848.00,823.35,825.90,842.44,SHORT,848.00,1229,842.44,842.44,true,40.00,415.51,6377.73,0.61,1048879.20
2025-09-03,828.00,855.95,823.00,847.50,830.20,LONG,828.00,1266,830.20,830.20,true,40.00,419.86,2325.34,0.22,1051204.54
2025-09-04,855.05,858.65,843.00,848.20,844.80,SHORT,855.05,1229,844.80,844.80,true,40.00,417.82,12139.43,1.16,1063343.97
2025-09-05,854.80,862.80,842.35,855.90,850.73,SHORT,854.80,1243,850.73,850.73,true,40.00,423.99,4595.02,0.43,1067938.99
2025-09-08,863.90,871.00,850.00,852.40,856.48,SHORT,863.90,1236,856.48,856.48,true,40.00,425.28,8705.84,0.82,1076644.83
2025-09-09,857.55,858.15,847.35,856.90,859.68,LONG,857.55,1255,859.68,856.90,false,40.00,430.33,-1286.08,-0.12,1075358.75
2025-09-10,859.30,868.55,854.40,862.75,854.13,SHORT,859.30,1251,854.13,862.75,false,40.00,430.86,-4786.81,-0.45,1070571.94
2025-09-11,864.85,874.70,857.05,869.85,862.40,SHORT,864.85,1237,862.40,862.40,true,40.00,427.32,2563.33,0.24,1073135.27
2025-09-12,867.95,883.00,864.75,873.95,868.31,SKIP,,,,,,,,,,1073135.27
2025-09-15,879.30,887.00,872.00,883.15,875.53,SHORT,879.30,1220,875.53,875.53,true,40.00,428.18,4131.22,0.39,1077266.49
2025-09-16,886.00,890.55,880.00,881.50,881.38,SHORT,886.00,1215,881.38,881.38,true,40.00,429.47,5143.83,0.48,1082410.32
2025-09-17,887.40,906.80,881.35,898.70,884.33,SHORT,887.40,1219,884.33,884.33,true,40.00,431.95,3270.38,0.30,1085680.70
2025-09-18,904.70,904.70,887.10,895.25,893.06,SHORT,904.70,1200,893.06,893.06,true,40.00,431.46,13496.54,1.24,1099177.24
2025-09-19,900.05,923.40,892.50,912.90,896.60,SHORT,900.05,1221,896.60,896.60,true,40.00,438.74,3733.71,0.34,1102910.95
2025-09-22,904.00,904.00,871.65,872.75,913.17,LONG,904.00,1220,913.17,872.75,false,40.00,433.53,-38598.53,-3.50,1064312.42
2025-09-23,876.90,902.00,876.90,892.45,884.62,LONG,876.90,1213,884.62,884.62,true,40.00,427.34,8897.02,0.84,1073209.44
2025-09-24,886.00,906.10,886.00,891.55,890.87,LONG,886.00,1211,890.87,890.87,true,40.00,430.36,5427.21,0.51,1078636.65
2025-09-25,893.25,893.25,879.60,880.40,896.58,LONG,893.25,1207,896.58,880.40,false,40.00,428.16,-15978.11,-1.48,1062658.54
2025-09-26,872.00,872.00,846.00,859.95,884.88,LONG,872.00,1218,884.88,859.95,false,40.00,421.90,-15138.80,-1.43,1047519.74
2025-09-29,865.00,892.00,859.90,886.25,855.87,SHORT,865.00,1211,855.87,886.25,false,40.00,424.15,-26197.90,-2.50,1021321.83
2025-09-30,883.80,883.80,853.00,860.05,875.77,SHORT,883.80,1155,875.77,875.77,true,40.00,406.46,8828.19,0.86,1030150.02
2025-10-01,860.50,890.00,855.25,886.65,861.81,LONG,860.50,1197,861.81,861.81,true,40.00,412.32,1115.75,0.11,1031265.77
2025-10-03,888.00,897.00,876.55,883.85,880.34,SHORT,888.00,1161,880.34,880.34,true,40.00,410.61,8442.65,0.82,1039708.42
2025-10-06,880.00,882.60,857.45,866.60,887.58,LONG,880.00,1181,887.58,866.60,false,40.00,412.55,-16277.95,-1.57,1023430.48
2025-10-07,867.00,879.40,859.20,861.55,864.44,SHORT,867.00,1180,864.44,864.44,true,40.00,408.62,2572.18,0.25,1026002.66
2025-10-08,865.00,867.05,853.15,855.35,867.53,LONG,865.00,1186,867.53,855.35,false,40.00,408.07,-11892.97,-1.16,1014109.69
2025-10-09,856.40,860.60,839.25,851.50,859.11,LONG,856.40,1184,859.11,859.11,true,40.00,406.23,2762.41,0.27,1016872.10
2025-10-10,859.00,866.85,843.70,862.00,851.29,SHORT,859.00,1183,851.29,851.29,true,40.00,404.65,8676.28,0.85,1025548.37
2025-10-13,861.00,880.10,853.15,867.40,861.32,SKIP,,,,,,,,,,1025548.37
2025-10-14,864.20,868.00,853.00,853.85,867.52,LONG,864.20,1186,867.52,867.52,true,40.00,410.76,3486.76,0.34,1029035.13
2025-10-15,856.60,863.00,849.75,858.85,862.77,LONG,856.60,1201,862.77,862.77,true,40.00,412.99,6957.18,0.68,1035992.31
2025-10-16,856.75,887.60,852.60,878.30,857.53,SKIP,,,,,,,,,,1035992.31
2025-10-17,880.00,881.60,866.20,872.60,877.06,SHORT,880.00,1177,877.06,877.06,true,40.00,413.61,3006.77,0.29,1038999.07
2025-10-20,875.00,884.50,864.50,875.25,873.53,SHORT,875.00,1187,873.53,873.53,true,40.00,415.10,1289.79,0.12,1040288.86
2025-10-21,884.80,884.80,878.00,879.50,874.41,SHORT,884.80,1175,874.41,879.50,false,40.00,414.61,5772.89,0.56,1046061.75
2025-10-23,877.00,899.75,866.00,889.05,881.64,LONG,877.00,1192,881.64,881.64,true,40.00,419.26,5071.62,0.49,1051133.37
2025-10-24,890.00,899.90,878.65,896.85,888.89,SHORT,890.00,1181,888.89,888.89,true,40.00,420.17,850.74,0.08,1051984.11
2025-10-27,895.05,895.80,874.85,877.60,892.98,SHORT,895.05,1175,892.98,892.98,true,40.00,420.19,1972.06,0.19,1053956.17
2025-10-28,884.90,903.80,882.00,896.65,882.58,SHORT,884.90,1191,882.58,882.58,true,40.00,421.01,2302.11,0.22,1056258.28
2025-10-29,905.00,922.05,900.50,916.30,895.05,SHORT,905.00,1167,895.05,916.30,false,40.00,425.09,-13652.19,-1.29,1042606.09
2025-10-30,916.00,939.95,907.70,920.60,913.23,SHORT,916.00,1138,913.23,913.23,true,40.00,416.33,2695.93,0.26,1045302.01
2025-10-31,929.80,935.70,915.45,919.65,920.43,SHORT,929.80,1124,920.43,920.43,true,40.00,415.93,10075.95,0.96,1055377.96
2025-11-03,917.80,933.00,915.10,922.50,922.63,LONG,917.80,1149,922.63,922.63,true,40.00,422.93,5086.74,0.48,1060464.70
2025-11-04,928.50,938.85,915.70,922.95,922.87,SHORT,928.50,1142,922.87,922.87,true,40.00,422.85,5966.61,0.56,1066431.31
2025-11-06,928.80,930.00,916.25,922.50,927.55,SHORT,928.80,1148,927.55,927.55,true,40.00,426.22,968.78,0.09,1067400.09
2025-11-07,922.30,922.35,871.80,875.55,923.00,SKIP,,,,,,,,,,1067400.09
2025-11-10,871.00,908.80,866.55,907.70,888.48,LONG,871.00,1225,888.48,888.48,true,40.00,431.07,20941.93,1.96,1088342.02
2025-11-11,907.00,913.75,890.00,897.65,886.80,SHORT,907.00,1199,886.80,897.65,false,40.00,432.76,10737.89,0.99,1099079.91
2025-11-12,893.95,898.00,883.15,890.05,898.96,LONG,893.95,1229,898.96,890.05,false,40.00,438.51,-5271.61,-0.48,1093808.31
2025-11-13,898.10,898.10,863.00,871.95,889.34,SHORT,898.10,1217,889.34,889.34,true,40.00,435.06,10185.86,0.93,1103994.16
2025-11-14,870.75,890.80,857.95,871.75,878.96,LONG,870.75,1267,878.96,878.96,true,40.00,443.38,9918.69,0.90,1113912.86
2025-11-17,877.00,904.70,875.20,879.85,870.27,SHORT,877.00,1270,870.27,879.85,false,40.00,446.24,-4105.74,-0.37,1109807.12
2025-11-18,879.85,879.85,861.00,863.10,889.00,LONG,879.85,1261,889.00,863.10,false,40.00,439.57,-21601.32,-1.95,1088205.80
2025-11-19,861.00,867.60,857.70,865.15,867.65,LONG,861.00,1263,867.65,865.15,false,40.00,436.03,4765.42,0.44,1092971.22
2025-11-20,873.65,875.00,861.65,874.00,863.04,SHORT,873.65,1251,863.04,863.04,true,40.00,434.52,12798.59,1.17,1105769.81
2025-11-21,870.00,870.45,857.00,862.50,870.47,SKIP,,,,,,,,,,1105769.81
2025-11-24,867.30,894.45,846.05,889.30,862.64,SHORT,867.30,1274,862.64,862.64,true,40.00,440.79,5456.05,0.49,1111225.86
2025-11-25,892.00,892.00,866.00,872.90,876.03,SHORT,892.00,1245,876.03,876.03,true,40.00,440.24,19402.41,1.75,1130628.27
2025-11-26,882.00,882.00,868.05,881.40,875.18,SHORT,882.00,1281,875.18,875.18,true,40.00,450.19,8246.23,0.73,1138874.50
2025-11-27,882.00,891.95,870.00,874.10,878.63,SHORT,882.00,1291,878.63,878.63,true,40.00,454.59,3856.08,0.34,1142730.58
2025-11-28,883.00,886.15,870.10,886.05,878.00,SHORT,883.00,1294,878.00,878.00,true,40.00,455.75,5974.25,0.52,1148704.83
2025-12-01,890.00,891.00,870.70,874.90,880.48,SHORT,890.00,1290,880.48,880.48,true,40.00,456.78,11784.02,1.03,1160488.85
2025-12-02,878.95,885.00,873.20,878.80,879.34,SKIP,,,,,,,,,,1160488.85
2025-12-03,885.00,892.00,863.70,871.25,877.10,SHORT,885.00,1311,877.10,877.10,true,40.00,462.02,9854.88,0.85,1170343.72
2025-12-04,866.00,879.20,862.00,869.25,872.79,LONG,866.00,1351,872.79,872.79,true,40.00,469.82,8663.47,0.74,1179007.19
2025-12-05,871.25,889.00,865.00,876.85,869.51,SHORT,871.25,1353,869.51,869.51,true,40.00,471.05,1843.17,0.16,1180850.36
2025-12-08,879.90,879.90,854.05,859.75,874.06,SHORT,879.90,1342,874.06,874.06,true,40.00,470.76,7326.52,0.62,1188176.88
2025-12-09,856.00,884.00,845.60,881.50,861.57,LONG,856.00,1388,861.57,861.57,true,40.00,476.80,7214.36,0.61,1195391.24
2025-12-10,874.50,892.45,871.35,885.20,872.33,SHORT,874.50,1366,872.33,872.33,true,40.00,477.23,2446.99,0.20,1197838.23
2025-12-11,890.00,915.40,878.10,902.65,887.84,SHORT,890.00,1345,887.84,887.84,true,40.00,478.24,2386.96,0.20,1200225.19
2025-12-12,907.85,913.90,897.20,899.50,901.89,SHORT,907.85,1322,901.89,901.89,true,40.00,478.50,7360.62,0.61,1207585.82
2025-12-15,904.00,913.45,899.35,910.00,903.24,SKIP,,,,,,,,,,1207585.82
2025-12-16,909.25,909.30,891.10,900.00,905.23,SHORT,909.25,1328,905.23,905.23,true,40.00,481.93,4816.63,0.40,1212402.45
2025-12-17,899.30,900.40,874.20,880.65,898.40,SHORT,899.30,1348,898.40,898.40,true,40.00,484.66,688.54,0.06,1213090.99
2025-12-18,876.50,880.50,865.00,876.20,882.54,LONG,876.50,1384,882.54,876.20,false,40.00,485.15,-940.35,-0.08,1212150.64
2025-12-19,878.10,923.90,874.80,919.75,873.93,SHORT,878.10,1380,873.93,919.75,false,40.00,496.21,-58013.21,-4.79,1154137.44
2025-12-22,914.00,914.00,900.00,912.10,910.65,SHORT,914.00,1262,910.65,910.65,true,40.00,460.54,3727.16,0.32,1157864.59
2025-12-23,912.90,920.65,897.30,902.65,906.01,SHORT,912.90,1268,906.01,906.01,true,40.00,461.28,8235.24,0.71,1166099.84
2025-12-24,903.00,913.65,899.15,901.50,906.94,LONG,903.00,1291,906.94,906.94,true,40.00,467.33,4579.21,0.39,1170679.05
2025-12-26,900.00,904.00,894.65,895.75,904.01,LONG,900.00,1300,904.01,895.75,false,40.00,466.90,-6031.90,-0.52,1164647.16
2025-12-29,896.55,900.50,882.25,885.85,898.48,LONG,896.55,1299,898.48,898.48,true,40.00,466.35,2000.72,0.17,1166647.88
2025-12-30,886.50,916.55,886.50,909.55,887.35,SKIP,,,,,,,,,,1166647.88
2025-12-31,915.00,915.00,897.15,907.30,906.04,SHORT,915.00,1275,906.04,906.04,true,40.00,464.37,10919.63,0.94,1177567.51
2026-01-01,905.00,905.00,895.65,900.00,905.50,SKIP,,,,,,,,,,1177567.51
2026-01-02,904.00,933.00,900.05,922.25,899.71,SHORT,904.00,1302,899.71,922.25,false,40.00,475.56,-24277.06,-2.06,1153290.46
2026-01-05,921.85,966.90,921.80,953.95,921.23,SKIP,,,,,,,,,,1153290.46
2026-01-06,962.10,980.15,942.10,979.10,955.51,SHORT,962.10,1198,955.51,955.51,true,40.00,459.46,7395.36,0.64,1160685.82
2026-01-07,976.10,983.35,962.50,967.90,964.95,SHORT,976.10,1189,964.95,964.95,true,40.00,461.58,12755.77,1.10,1173441.59
2026-01-08,967.00,974.00,957.50,958.00,969.83,LONG,967.00,1213,969.83,969.83,true,40.00,469.87,2922.92,0.25,1176364.50
2026-01-09,949.00,954.85,921.35,924.20,965.29,LONG,949.00,1239,965.29,924.20,false,40.00,464.18,-31231.38,-2.66,1145133.12
2026-01-12,903.75,918.70,890.00,898.75,932.86,LONG,903.75,1267,932.86,898.75,false,40.00,456.75,-6831.75,-0.60,1138301.37
2026-01-13,893.30,907.45,885.45,905.00,899.29,LONG,893.30,1274,899.29,899.29,true,40.00,456.75,7134.51,0.63,1145435.88
2026-01-14,900.10,912.10,893.55,905.15,899.27,SKIP,,,,,,,,,,1145435.88
2026-01-16,908.10,913.05,866.50,869.85,904.92,SHORT,908.10,1261,904.92,904.92,true,40.00,457.24,3512.74,0.31,1148948.61
2026-01-19,872.15,876.35,844.30,851.30,876.97,LONG,872.15,1317,876.97,851.30,false,40.00,453.96,-27953.41,-2.43,1120995.21
2026-01-20,857.55,857.55,819.10,821.55,856.69,SHORT,857.55,1307,856.69,856.69,true,40.00,448.10,635.92,0.06,1121631.12
2026-01-21,811.00,823.85,797.15,811.00,839.18,LONG,811.00,1383,839.18,811.00,false,40.00,448.65,-488.65,-0.04,1121142.48
2026-01-22,816.00,845.85,815.50,829.45,810.85,SHORT,816.00,1373,810.85,829.45,false,40.00,451.84,-18958.69,-1.69,1102183.79
2026-01-23,820.00,830.45,792.25,793.50,823.14,LONG,820.00,1344,823.14,823.14,true,40.00,441.68,3738.48,0.34,1105922.27
2026-01-27,795.00,821.65,794.60,820.50,810.83,LONG,795.00,1391,810.83,810.83,true,40.00,446.74,21532.79,1.95,1127455.06
2026-01-28,820.30,851.00,805.10,846.70,817.31,SHORT,820.30,1374,817.31,817.31,true,40.00,450.02,3618.24,0.32,1131073.31
2026-01-29,845.00,854.85,821.00,827.60,843.07,SHORT,845.00,1338,843.07,843.07,true,40.00,451.73,2090.61,0.18,1133163.92
2026-01-30,827.00,840.35,811.60,835.00,839.70,LONG,827.00,1370,839.70,839.70,true,40.00,456.68,16902.32,1.49,1150066.24
2026-02-01,830.00,845.70,812.70,838.90,833.48,LONG,830.00,1385,833.48,833.48,true,40.00,460.78,4319.02,0.38,1154385.26
2026-02-02,847.70,847.70,836.10,840.00,834.71,SHORT,847.70,1361,834.71,840.00,false,40.00,459.39,9980.31,0.87,1164365.57
2026-02-03,865.00,886.00,864.95,879.00,840.23,SHORT,865.00,1346,840.23,879.00,false,40.00,469.48,-19353.48,-1.66,1145012.08
2026-02-04,840.00,880.00,809.00,810.00,874.86,LONG,840.00,1363,874.86,874.86,true,40.00,467.47,47006.71,4.11,1192018.79
2026-02-05,813.00,815.00,783.85,810.00,825.44,LONG,813.00,1466,825.44,810.00,false,40.00,475.86,-4913.86,-0.41,1187104.93
2026-02-06,851.00,877.00,827.00,851.05,802.61,SHORT,851.00,1394,802.61,851.05,false,40.00,474.53,-584.23,-0.05,1186520.70
2026-02-09,860.00,901.70,858.50,894.90,849.08,SHORT,860.00,1379,849.08,894.90,false,40.00,484.00,-48651.10,-4.10,1137869.59
2026-02-10,923.95,929.90,906.50,918.15,890.07,SHORT,923.95,1231,890.07,918.15,false,40.00,453.53,6646.27,0.58,1144515.87
2026-02-11,917.60,950.00,911.45,948.95,918.01,SKIP,,,,,,,,,,1144515.87
2026-02-12,946.85,958.60,921.40,930.50,935.26,SHORT,946.85,1208,935.26,935.26,true,40.00,454.72,13506.00,1.18,1158021.87
2026-02-13,935.00,935.00,886.50,915.70,938.98,LONG,935.00,1238,938.98,915.70,false,40.00,458.23,-24391.63,-2.11,1133630.24
2026-02-16,919.70,928.45,905.60,920.90,908.71,SHORT,919.70,1232,908.71,908.71,true,40.00,450.52,13049.16,1.15,1146679.40
2026-02-17,920.65,934.45,920.65,932.70,921.14,SKIP,,,,,,,,,,1146679.40
2026-02-18,935.05,959.60,930.00,940.80,928.32,SHORT,935.05,1226,928.32,940.80,false,40.00,459.96,-7549.46,-0.66,1139129.94
2026-02-19,941.90,945.50,930.00,935.00,946.87,LONG,941.90,1209,946.87,935.00,false,40.00,453.83,-8835.93,-0.78,1130294.00
2026-02-20,939.00,945.55,930.00,942.95,939.38,SKIP,,,,,,,,,,1130294.00
2026-02-23,955.00,970.00,953.45,968.90,939.95,SHORT,955.00,1183,939.95,968.90,false,40.00,455.19,-16938.89,-1.50,1113355.11
2026-02-24,966.00,966.00,938.40,942.95,963.51,SHORT,966.00,1152,963.51,963.51,true,40.00,444.56,2383.92,0.21,1115739.03
2026-02-25,945.95,961.45,915.60,928.35,951.04,LONG,945.95,1179,951.04,951.04,true,40.00,447.31,5513.80,0.49,1121252.83
2026-02-26,923.80,966.05,920.15,965.95,933.43,LONG,923.80,1213,933.43,933.43,true,40.00,450.56,11190.63,1.00,1132443.46
2026-02-27,962.05,1004.70,956.00,1000.00,953.93,SHORT,962.05,1177,953.93,1000.00,false,40.00,461.87,-45169.02,-3.99,1087274.44
2026-03-02,992.50,1009.85,990.00,996.35,995.83,LONG,992.50,1095,995.83,995.83,true,40.00,435.44,3170.91,0.29,1090445.35
2026-03-04,975.05,1014.95,956.00,1006.70,998.54,LONG,975.05,1118,998.54,998.54,true,40.00,441.29,25780.53,2.36,1116225.87
2026-03-05,1010.00,1084.00,1009.00,1071.30,987.56,SHORT,1010.00,1105,987.56,1071.30,false,40.00,459.97,-68236.47,-6.11,1047989.40
2026-03-06,1058.75,1058.75,1030.00,1036.95,1045.92,SHORT,1058.75,989,1045.92,1045.92,true,40.00,416.30,12232.57,1.17,1060221.97
2026-03-09,1035.00,1037.00,996.85,1016.80,1037.38,LONG,1035.00,1024,1037.38,1016.80,false,40.00,420.21,-19097.01,-1.80,1041124.96
2026-03-10,1040.00,1044.00,998.30,1015.00,1013.59,SHORT,1040.00,1001,1013.59,1013.59,true,40.00,411.13,25985.28,2.50,1067110.24
2026-03-11,1022.00,1031.10,1006.20,1015.00,1011.45,SHORT,1022.00,1044,1011.45,1011.45,true,40.00,424.58,10549.62,0.99,1077659.86
2026-03-12,1030.05,1034.20,991.00,1008.50,1018.82,SHORT,1030.05,1046,1018.82,1018.82,true,40.00,428.62,11277.96,1.05,1088937.81
2026-03-13,998.00,1005.40,938.00,954.00,1005.17,LONG,998.00,1091,1005.17,1005.17,true,40.00,437.09,7345.38,0.67,1096283.19
2026-03-16,953.10,984.65,946.35,974.45,958.53,LONG,953.10,1150,958.53,958.53,true,40.00,439.67,5764.83,0.53,1102048.02
2026-03-17,981.95,994.45,969.00,983.25,965.32,SHORT,981.95,1122,965.32,983.25,false,40.00,440.99,-1939.59,-0.18,1100108.43
2026-03-18,990.00,1025.75,981.15,1016.00,985.53,SHORT,990.00,1111,985.53,985.53,true,40.00,438.96,4487.21,0.41,1104595.63
2026-03-19,1002.00,1020.50,995.00,1010.45,1007.09,LONG,1002.00,1102,1007.09,1007.09,true,40.00,442.80,5126.38,0.46,1109722.01
2026-03-20,1015.00,1019.75,996.25,1006.45,1007.96,SHORT,1015.00,1093,1007.96,1007.96,true,40.00,442.22,7212.50,0.65,1116934.51
2026-03-23,990.00,996.05,963.00,987.20,1005.10,LONG,990.00,1128,1005.10,987.20,false,40.00,446.06,-3644.46,-0.33,1113290.06
2026-03-24,1016.90,1020.00,986.55,999.00,981.97,SHORT,1016.90,1094,981.97,999.00,false,40.00,441.08,19101.52,1.72,1132391.58
2026-03-25,1006.00,1029.80,990.15,1012.70,999.24,SHORT,1006.00,1125,999.24,999.24,true,40.00,451.18,7113.82,0.63,1139505.40
2026-03-27,1010.00,1010.00,981.50,988.40,1009.50,SKIP,,,,,,,,,,1139505.40
2026-03-30,978.00,986.45,955.40,972.25,987.57,LONG,978.00,1165,987.57,972.25,false,40.00,454.41,-7193.16,-0.63,1132312.24
2026-04-01,1000.00,1015.20,959.45,977.15,970.56,SHORT,1000.00,1132,970.56,970.56,true,40.00,446.13,32839.95,2.90,1165152.18
2026-04-02,975.90,975.90,944.05,959.00,978.11,LONG,975.90,1193,978.11,959.00,false,40.00,461.67,-20663.37,-1.77,1144488.82
2026-04-06,964.00,978.90,935.00,943.75,957.14,SHORT,964.00,1187,957.14,957.14,true,40.00,456.08,7646.74,0.67,1152135.56
2026-04-07,945.00,955.05,927.05,946.35,944.04,SHORT,945.00,1219,944.04,944.04,true,40.00,460.55,669.69,0.06,1152805.25
2026-04-08,970.00,984.20,959.20,974.45,941.07,SHORT,970.00,1188,941.07,974.45,false,40.00,462.00,-5788.60,-0.50,1147016.65
2026-04-09,973.05,995.85,964.25,977.45,972.88,SKIP,,,,,,,,,,1147016.65
2026-04-10,981.00,1009.00,976.65,997.45,983.62,LONG,981.00,1169,983.62,983.62,true,40.00,459.33,2563.45,0.22,1149580.10
2026-04-13,989.00,999.00,970.30,990.45,998.87,LONG,989.00,1162,998.87,998.87,true,40.00,461.98,10966.96,0.95,1160547.06
2026-04-15,1000.00,1008.90,976.25,980.50,990.59,SHORT,1000.00,1160,990.59,990.59,true,40.00,461.82,10413.78,0.90,1170960.84
2026-04-16,985.95,991.05,960.20,970.90,993.23,LONG,985.95,1187,993.23,970.90,false,40.00,464.56,-18368.91,-1.57,1152591.94
2026-04-17,974.00,989.70,967.60,970.00,970.28,SHORT,974.00,1183,970.28,970.28,true,40.00,460.02,3900.74,0.34,1156492.68
2026-04-20,973.05,978.95,953.45,961.25,976.00,LONG,973.05,1188,976.00,976.00,true,40.00,463.09,3001.51,0.26,1159494.19
2026-04-21,959.40,977.10,944.00,958.05,965.18,LONG,959.40,1208,965.18,965.18,true,40.00,464.98,6477.26,0.56,1165971.45
2026-04-22,959.00,1010.00,955.60,1006.95,958.38,SKIP,,,,,,,,,,1165971.45
2026-04-23,1011.80,1049.10,1011.80,1041.30,995.39,SHORT,1011.80,1152,995.39,1041.30,false,40.00,473.03,-34497.03,-2.96,1131474.41
2026-04-24,1051.40,1054.60,1019.60,1028.05,1035.79,SHORT,1051.40,1076,1035.79,1035.79,true,40.00,449.16,16307.20,1.44,1147781.61
2026-04-27,1026.80,1076.85,1025.85,1067.70,1032.04,LONG,1026.80,1117,1032.04,1032.04,true,40.00,459.94,5353.14,0.47,1153134.75
2026-04-28,1067.65,1078.35,1045.05,1047.60,1047.59,SHORT,1067.65,1080,1047.59,1047.59,true,40.00,456.89,21167.91,1.84,1174302.65
2026-04-29,1047.95,1078.00,1047.95,1051.05,1060.18,LONG,1047.95,1120,1060.18,1060.18,true,40.00,472.22,13185.38,1.12,1187488.03
2026-04-30,1059.00,1089.90,1047.50,1068.60,1064.53,LONG,1059.00,1121,1064.53,1064.53,true,40.00,476.10,5683.03,0.48,1193171.07
2026-05-04,1081.20,1094.30,1058.30,1079.80,1069.87,SHORT,1081.20,1103,1069.87,1069.87,true,40.00,474.53,11982.46,1.00,1205153.53
2026-05-05,1089.00,1095.80,1070.50,1082.20,1081.80,SHORT,1089.00,1106,1081.80,1081.80,true,40.00,480.18,7443.02,0.62,1212596.55
2026-05-06,1086.00,1100.00,1076.20,1081.00,1080.66,SHORT,1086.00,1116,1080.66,1080.66,true,40.00,483.60,5435.84,0.45,1218032.39
2026-05-07,1082.40,1093.00,1076.10,1089.00,1086.58,LONG,1082.40,1125,1086.58,1086.58,true,40.00,488.02,4174.48,0.34,1222206.87
2026-05-08,1085.00,1124.00,1080.00,1115.90,1085.74,SKIP,,,,,,,,,,1222206.87
2026-05-11,1120.00,1139.40,1102.00,1123.60,1110.17,SHORT,1120.00,1091,1110.17,1110.17,true,40.00,486.62,10197.91,0.83,1232404.78
2026-05-12,1121.00,1125.30,1072.90,1085.00,1125.58,LONG,1121.00,1099,1125.58,1085.00,false,40.00,484.88,-40088.88,-3.25,1192315.90
2026-05-13,1093.10,1108.90,1065.40,1085.40,1094.07,SKIP,,,,,,,,,,1192315.90
2026-05-14,1110.90,1138.90,1100.00,1110.30,1083.58,SHORT,1110.90,1073,1083.58,1110.30,false,40.00,476.67,127.13,0.01,1192443.03
2026-05-15,1048.30,1118.70,949.30,1095.00,1121.46,LONG,1048.30,1137,1121.46,1095.00,false,40.00,487.39,52570.51,4.41,1245013.54
2026-05-18,1073.50,1110.00,1051.30,1109.10,1021.86,SHORT,1073.50,1159,1021.86,1109.10,false,40.00,505.93,-41806.33,-3.36,1203207.22
2026-05-19,1124.00,1148.60,1100.00,1126.10,1090.02,SHORT,1124.00,1070,1090.02,1126.10,false,40.00,481.52,-2768.52,-0.23,1200438.70
2026-05-20,1125.40,1151.00,1112.20,1139.60,1122.81,SHORT,1125.40,1066,1122.81,1122.81,true,40.00,479.32,2241.62,0.19,1202680.32
2026-05-21,1151.00,1153.30,1115.00,1138.40,1139.76,SHORT,1151.00,1044,1139.76,1139.76,true,40.00,478.31,11216.25,0.93,1213896.57
2026-05-22,1138.10,1138.10,1111.00,1111.10,1129.44,SHORT,1138.10,1066,1129.44,1129.44,true,40.00,483.44,8708.12,0.72,1222604.69
2026-05-25,1116.90,1175.20,1108.50,1174.00,1119.04,LONG,1116.90,1094,1119.04,1119.04,true,40.00,489.22,1811.94,0.15,1224416.62
2026-05-26,1170.00,1171.00,1120.30,1143.00,1151.69,SHORT,1170.00,1046,1151.69,1151.69,true,40.00,485.70,18626.56,1.52,1243043.19
2026-05-27,1141.00,1150.00,1116.30,1131.30,1141.57,SKIP,,,,,,,,,,1243043.19
2026-05-29,1139.80,1169.90,1126.00,1160.30,1130.20,SHORT,1139.80,1090,1130.20,1130.20,true,40.00,494.86,9929.14,0.80,1252972.33
2026-06-01,1175.00,1175.60,1127.10,1144.30,1154.35,SHORT,1175.00,1066,1154.35,1154.35,true,40.00,496.62,21476.28,1.71,1274448.61
2026-06-02,1139.10,1144.50,1116.70,1129.90,1153.12,LONG,1139.10,1118,1153.12,1129.90,false,40.00,507.35,-10832.95,-0.85,1263615.66
2026-06-03,1126.00,1150.50,1109.20,1137.50,1131.61,LONG,1126.00,1122,1131.61,1131.61,true,40.00,506.61,5747.81,0.45,1269363.47
2026-06-04,1131.00,1162.80,1123.10,1160.30,1132.47,LONG,1131.00,1122,1132.47,1132.47,true,40.00,507.92,1101.42,0.09,1270464.89
2026-06-05,1159.30,1190.00,1157.00,1185.50,1151.32,SHORT,1159.30,1095,1151.32,1185.50,false,40.00,513.51,-29242.51,-2.30,1241222.38
2026-06-08,1174.30,1202.70,1162.10,1195.60,1175.82,LONG,1174.30,1056,1175.82,1175.82,true,40.00,496.35,1068.77,0.09,1242291.15
2026-06-09,1194.00,1234.40,1185.10,1231.60,1190.69,SHORT,1194.00,1040,1190.69,1190.69,true,40.00,496.02,2906.38,0.23,1245197.54
2026-06-10,1235.60,1239.50,1185.20,1188.00,1211.53,SHORT,1235.60,1007,1211.53,1211.53,true,40.00,492.85,23705.64,1.91,1268903.17
2026-06-11,1178.00,1205.00,1177.70,1182.10,1221.52,LONG,1178.00,1077,1221.52,1182.10,false,40.00,508.37,3867.33,0.30,1272770.51
2026-06-12,1200.00,1244.20,1193.00,1220.00,1190.01,SHORT,1200.00,1060,1190.01,1220.00,false,40.00,513.04,-21753.04,-1.71,1251017.47
2026-06-15,1233.00,1233.00,1197.70,1208.00,1217.35,SHORT,1233.00,1014,1217.35,1217.35,true,40.00,496.93,15332.17,1.23,1266349.64
2026-06-16,1202.20,1214.40,1181.30,1211.80,1213.67,LONG,1202.20,1053,1213.67,1213.67,true,40.00,508.78,11529.13,0.91,1277878.77
2026-06-17,1206.00,1228.80,1192.60,1212.70,1197.52,SHORT,1206.00,1059,1197.52,1197.52,true,40.00,509.07,8431.25,0.66,1286310.02
2026-06-18,1218.60,1218.60,1197.20,1205.40,1213.63,SHORT,1218.60,1055,1213.63,1213.63,true,40.00,513.20,4690.15,0.36,1291000.17
2026-06-19,1206.10,1238.90,1206.10,1218.80,1204.69,SHORT,1206.10,1070,1204.69,1218.80,false,40.00,518.93,-14147.93,-1.10,1276852.24
2026-06-22,1222.00,1222.00,1191.50,1203.00,1223.02,SKIP,,,,,,,,,,1276852.24
2026-06-23,1212.30,1249.00,1198.00,1218.80,1200.16,SHORT,1212.30,1053,1200.16,1200.16,true,40.00,508.06,12235.36,0.96,1289087.60
2026-06-24,1226.00,1229.30,1201.00,1206.10,1227.64,LONG,1226.00,1051,1227.64,1227.64,true,40.00,515.76,1167.88,0.09,1290255.48
2026-06-25,1215.00,1224.90,1185.20,1221.00,1211.00,SHORT,1215.00,1061,1211.00,1211.00,true,40.00,514.80,3689.20,0.29,1293944.69
2026-06-29,1223.00,1260.00,1211.00,1246.90,1212.26,SHORT,1223.00,1058,1212.26,1212.26,true,40.00,515.30,10807.62,0.84,1304752.30
2026-06-30,1252.00,1260.00,1230.30,1233.50,1244.84,SHORT,1252.00,1042,1244.84,1244.84,true,40.00,520.34,6900.38,0.53,1311652.68
2026-07-01,1246.00,1260.00,1225.00,1243.50,1249.55,LONG,1246.00,1052,1249.55,1249.55,true,40.00,525.06,3169.54,0.24,1314822.22
2026-07-02,1243.80,1247.00,1215.00,1238.00,1238.25,SHORT,1243.80,1057,1238.25,1238.25,true,40.00,524.71,5301.64,0.40,1320123.86
2026-07-03,1241.00,1260.00,1235.60,1257.90,1230.97,SHORT,1241.00,1063,1230.97,1257.90,false,40.00,531.27,-18535.97,-1.41,1301587.90
2026-07-06,1255.00,1260.00,1230.00,1232.60,1251.78,SHORT,1255.00,1037,1251.78,1251.78,true,40.00,519.91,2779.23,0.21,1304367.13
2026-07-07,1240.00,1256.60,1220.20,1227.70,1244.51,LONG,1240.00,1051,1244.51,1244.51,true,40.00,522.24,4177.77,0.32,1308544.90
2026-07-08,1197.00,1240.00,1191.10,1212.00,1228.56,LONG,1197.00,1093,1228.56,1228.56,true,40.00,530.23,33924.85,2.59,1342469.75
2026-07-09,1209.00,1243.00,1200.00,1229.10,1216.31,LONG,1209.00,1110,1216.31,1216.31,true,40.00,538.42,7535.68,0.56,1350005.43
2026-07-10,1234.40,1287.00,1227.40,1265.90,1233.94,SKIP,,,,,,,,,,1350005.43
2026-07-13,1269.00,1288.00,1255.00,1269.80,1266.69,SHORT,1269.00,1063,1266.69,1266.69,true,40.00,539.09,1876.44,0.14,1351881.87
2026-07-14,1268.00,1292.00,1259.60,1268.40,1271.85,LONG,1268.00,1066,1271.85,1271.85,true,40.00,541.50,3522.60,0.26,1355404.48
2026-07-15,1275.00,1277.60,1258.30,1262.80,1276.31,LONG,1275.00,1063,1276.31,1276.31,true,40.00,542.41,810.12,0.06,1356214.60
2026-07-16,1266.10,1300.00,1255.00,1293.60,1266.79,SKIP,,,,,,,,,,1356214.60
2026-07-17,1294.00,1294.00,1265.20,1270.00,1285.75,SHORT,1294.00,1048,1285.75,1285.75,true,40.00,540.72,8065.28,0.59,1364279.88
2026-07-20,1278.00,1299.90,1270.00,1296.50,1272.18,SHORT,1278.00,1067,1272.18,1272.18,true,40.00,544.21,5625.73,0.41,1369905.61
2026-07-21,1299.00,1299.00,1275.00,1290.40,1291.30,SHORT,1299.00,1054,1291.30,1291.30,true,40.00,546.04,7529.76,0.55,1377435.38
2026-07-22,1285.00,1285.00,1245.00,1251.00,1285.35,SKIP,,,,,,,,,,1377435.38
2026-07-23,1250.00,1252.70,1216.30,1241.70,1255.81,LONG,1250.00,1101,1255.81,1241.70,false,40.00,548.67,-9726.97,-0.71,1367708.41
2026-07-24,1225.40,1242.30,1223.80,1234.70,1237.22,LONG,1225.40,1116,1237.22,1237.22,true,40.00,549.66,12601.46,0.92,1380309.87
2026-07-27,1244.80,1295.00,1239.30,1286.00,1233.50,SHORT,1244.80,1108,1233.50,1286.00,false,40.00,560.83,-46250.43,-3.35,1334059.45
2026-07-28,1287.00,1305.50,1272.70,1300.60,1275.51,SHORT,1287.00,1036,1275.51,1275.51,true,40.00,530.95,11332.69,0.85,1345392.13
2026-07-29,1298.70,1320.70,1291.50,1313.60,1294.96,SHORT,1298.70,1035,1294.96,1294.96,true,40.00,536.89,3294.01,0.25,1348686.15
2026-07-30,1315.90,1320.00,1301.00,1315.00,1311.76,SHORT,1315.90,1024,1311.76,1311.76,true,40.00,538.14,3661.22,0.27,1352347.36
2026-07-31,1315.10,1338.00,1303.60,1319.70,1309.72,SHORT,1315.10,1028,1309.72,1309.72,true,40.00,539.66,4950.98,0.37,1357298.34
2026-08-03,1325.00,1350.00,1315.20,1336.60,1320.60,SHORT,1325.00,1024,1320.60,1320.60,true,40.00,541.82,3923.78,0.29,1361222.12
2026-08-04,1339.00,1370.00,1333.40,1366.40,1339.10,SKIP,,,,,,,,,,1361222.12
2026-08-05,1374.00,1398.00,1355.40,1396.00,1359.10,SHORT,1374.00,990,1359.10,1359.10,true,40.00,541.15,14169.85,1.04,1375391.97
2026-08-06,1394.50,1449.80,1386.60,1410.00,1380.89,SHORT,1394.50,986,1380.89,1410.00,false,40.00,553.05,-15876.05,-1.15,1359515.92
2026-08-07,1375.00,1398.30,1319.50,1364.70,1423.96,LONG,1375.00,988,1423.96,1364.70,false,40.00,541.36,-10757.76,-0.79,1348758.15
2026-08-10,1379.00,1473.50,1370.00,1419.30,1372.35,SHORT,1379.00,978,1372.35,1372.35,true,40.00,538.16,5925.54,0.44,1354683.69
2026-08-11,1420.00,1472.80,1414.70,1445.10,1438.29,LONG,1420.00,954,1438.29,1438.29,true,40.00,545.36,16863.30,1.24,1371546.99
2026-08-12,1446.40,1474.00,1443.30,1464.60,1454.60,LONG,1446.40,948,1454.60,1454.60,true,40.00,550.03,7183.57,0.52,1378730.56
2026-08-13,1460.00,1475.00,1431.50,1451.60,1462.33,LONG,1460.00,944,1462.33,1462.33,true,40.00,551.74,1607.78,0.12,1380338.34
2026-08-14,1456.00,1470.90,1437.80,1450.00,1459.65,LONG,1456.00,948,1459.65,1459.65,true,40.00,552.81,2867.39,0.21,1383205.73
2026-08-17,1448.80,1454.60,1409.00,1419.90,1451.64,LONG,1448.80,954,1451.64,1451.64,true,40.00,553.40,2115.96,0.15,1385321.69
2026-08-18,1428.80,1473.00,1423.50,1441.20,1427.28,SHORT,1428.80,969,1427.28,1427.28,true,40.00,553.51,879.37,0.06,1386201.06
2026-08-19,1440.00,1444.00,1415.00,1424.90,1446.30,LONG,1440.00,962,1446.30,1424.90,false,40.00,551.21,-15117.41,-1.09,1371083.66
2026-08-20,1436.60,1484.20,1436.40,1469.60,1424.48,SHORT,1436.60,954,1424.48,1469.60,false,40.00,554.50,-32076.50,-2.34,1339007.15
2026-08-21,1483.00,1485.00,1449.60,1458.00,1466.99,SHORT,1483.00,902,1466.99,1466.99,true,40.00,532.18,13868.84,1.04,1352875.99
2026-08-24,1457.60,1462.10,1432.00,1435.60,1460.81,LONG,1457.60,928,1460.81,1460.81,true,40.00,541.66,2397.22,0.18,1355273.22
2026-08-25,1439.00,1459.00,1420.30,1455.40,1445.78,LONG,1439.00,941,1445.78,1445.78,true,40.00,542.92,5797.06,0.43,1361070.28
2026-08-26,1462.00,1477.80,1453.60,1460.50,1438.21,SHORT,1462.00,930,1438.21,1460.50,false,40.00,543.59,811.41,0.06,1361881.70
2026-08-27,1467.10,1498.10,1458.10,1490.00,1463.22,SHORT,1467.10,928,1463.22,1463.22,true,40.00,543.87,3016.77,0.22,1364898.47
2026-08-28,1489.90,1506.30,1473.80,1483.00,1479.24,SHORT,1489.90,916,1479.24,1479.24,true,40.00,543.95,9180.61,0.67,1374079.08
2026-08-31,1485.00,1496.50,1455.00,1457.80,1488.14,LONG,1485.00,925,1488.14,1488.14,true,40.00,550.03,2314.47,0.17,1376393.55
