CH_CLOSING_PRICE,CH_LAST_TRADED_PRICE,CH_OPENING_PRICE,CH_PREVIOUS_CLS_PRICE,CH_SERIES,CH_SYMBOL,CH_TIMESTAMP,CH_TOTAL_TRADES,CH_TOT_TRADED_QTY,CH_TOT_TRADED_VAL,CH_TRADE_HIGH_PRICE,CH_TRADE_LOW_PRICE,COP_DELIV_PERC,COP_DELIV_QTY,VWAP,mTIMESTAMP
323.8,323.9,321.8,321.8,EQ,GMDCLTD,2024-12-31T18:30:00.000Z,9203,347324,112413531,326,319.25,37.28,129488,323.66,01-Jan-2025
326.75,326.9,324,323.8,EQ,GMDCLTD,2025-01-01T18:30:00.000Z,11728,411330,134226753.6,328.95,324,26.45,108813,326.32,02-Jan-2025
326.55,328.9,327.8,326.75,EQ,GMDCLTD,2025-01-02T18:30:00.000Z,14922,580502,191741887.2,335,322.05,29.49,171175,330.3,03-Jan-2025
308.9,309.9,325,326.55,EQ,GMDCLTD,2025-01-05T18:30:00.000Z,28094,1065565,333906268.95,326.35,303.35,41.87,446171,313.36,06-Jan-2025
315.35,315,312,308.9,EQ,GMDCLTD,2025-01-06T18:30:00.000Z,13128,459370,144190258.7,317.7,309.9,37.04,170168,313.89,07-Jan-2025
314.05,315,316,315.35,EQ,GMDCLTD,2025-01-07T18:30:00.000Z,12787,400822,125453243.7,316.35,308.95,42.11,168804,312.99,08-Jan-2025
311.05,310.55,313.65,314.05,EQ,GMDCLTD,2025-01-08T18:30:00.000Z,10529,320387,100183324.15,316.8,310.05,42.02,134631,312.69,09-Jan-2025
297.6,298.45,311,311.05,EQ,GMDCLTD,2025-01-09T18:30:00.000Z,23003,897750,270414246.25,311.7,295.55,41.95,376614,301.21,10-Jan-2025
282.15,280.1,297.55,297.6,EQ,GMDCLTD,2025-01-12T18:30:00.000Z,33765,975666,280761752.9,299,279.05,47.91,467451,287.76,13-Jan-2025
292.7,292.85,285,282.15,EQ,GMDCLTD,2025-01-13T18:30:00.000Z,18526,554369,160498565.8,293.4,284.15,42.18,233813,289.52,14-Jan-2025
292.65,292,295,292.7,EQ,GMDCLTD,2025-01-14T18:30:00.000Z,13522,397103,117241909.65,299.85,291.55,46.83,185978,295.24,15-Jan-2025
326.9,324.1,295.15,292.65,EQ,GMDCLTD,2025-01-15T18:30:00.000Z,371468,31740027,10421397561.9,336.85,295.15,3.5,1109450,328.34,16-Jan-2025
327.25,326.4,321,326.9,EQ,GMDCLTD,2025-01-16T18:30:00.000Z,99462,6382198,2080126471.25,334.9,318.2,6.92,441502,325.93,17-Jan-2025
325.15,323.9,325,327.25,EQ,GMDCLTD,2025-01-19T18:30:00.000Z,19156,990486,323080907.4,330.7,322,23.29,230720,326.18,20-Jan-2025
318.5,317.75,325,325.15,EQ,GMDCLTD,2025-01-20T18:30:00.000Z,22618,1057330,342329317.45,331.8,316.8,22.66,239543,323.77,21-Jan-2025
312.25,311.9,319.7,318.5,EQ,GMDCLTD,2025-01-21T18:30:00.000Z,22683,832808,258551296.7,319.95,306.3,23.37,194662,310.46,22-Jan-2025
311.3,310.6,312,312.25,EQ,GMDCLTD,2025-01-22T18:30:00.000Z,14878,441446,138178501.4,315.65,310,33.22,146635,313.01,23-Jan-2025
303.25,301,313,311.3,EQ,GMDCLTD,2025-01-23T18:30:00.000Z,21755,648571,198665884.55,314.95,301,36.07,233927,306.31,24-Jan-2025
289.25,288.95,295,303.25,EQ,GMDCLTD,2025-01-26T18:30:00.000Z,23731,595519,173534200.6,298.7,288,41.55,247438,291.4,27-Jan-2025
285.3,285.25,292.8,289.25,EQ,GMDCLTD,2025-01-27T18:30:00.000Z,34200,932962,264971200.8,293.45,275.25,29.34,273767,284.01,28-Jan-2025
322.4,322,288,285.3,EQ,GMDCLTD,2025-01-28T18:30:00.000Z,84136,3768893,1194203649.25,328.9,285.55,17.01,640934,316.86,29-Jan-2025
314.9,315.15,320,322.4,EQ,GMDCLTD,2025-01-29T18:30:00.000Z,46463,1738852,548426294.95,322.95,310.9,19.6,340780,315.4,30-Jan-2025
322.05,321.5,317,314.9,EQ,GMDCLTD,2025-01-30T18:30:00.000Z,79248,3441716,1113452405.7,332.9,311.55,16.56,569779,323.52,31-Jan-2025
320.7,318.65,321.9,322.05,EQ,GMDCLTD,2025-01-31T18:30:00.000Z,42917,2017926,655048228.15,336.3,317.05,15.77,318318,324.61,01-Feb-2025
306.3,307.05,314.6,320.7,EQ,GMDCLTD,2025-02-02T18:30:00.000Z,23663,843875,260292732.55,317.35,302.55,32.35,272960,308.45,03-Feb-2025
317,316.7,309,306.3,EQ,GMDCLTD,2025-02-03T18:30:00.000Z,23903,986234,310133911.85,318.75,308,30.63,302086,314.46,04-Feb-2025
314.4,313.5,317,317,EQ,GMDCLTD,2025-02-04T18:30:00.000Z,14985,522803,165640997.7,320.25,313.4,31.69,165681,316.83,05-Feb-2025
313.1,313.8,315.05,314.4,EQ,GMDCLTD,2025-02-05T18:30:00.000Z,11154,379132,119071361.5,317.95,310.65,27.93,105895,314.06,06-Feb-2025
308.4,307.7,313.65,313.1,EQ,GMDCLTD,2025-02-06T18:30:00.000Z,12567,432962,133729598.4,313.95,306.6,36.49,157979,308.87,07-Feb-2025
294.4,294.6,308,308.4,EQ,GMDCLTD,2025-02-09T18:30:00.000Z,17992,639938,190556369.35,309.25,293.55,53.93,345126,297.77,10-Feb-2025
281.9,282,295.4,294.4,EQ,GMDCLTD,2025-02-10T18:30:00.000Z,22931,706553,201603713.45,297.55,280.95,43.72,308896,285.33,11-Feb-2025
282.25,282,284,281.9,EQ,GMDCLTD,2025-02-11T18:30:00.000Z,40800,1197276,333551510.15,285.8,267.65,25.06,300076,278.59,12-Feb-2025
278,277.4,285.4,282.25,EQ,GMDCLTD,2025-02-12T18:30:00.000Z,23391,739207,208673606.5,288.5,276.35,34.99,258670,282.29,13-Feb-2025
269.7,267,280.2,278,EQ,GMDCLTD,2025-02-13T18:30:00.000Z,28485,888943,240945680.75,282,265.05,34.21,304143,271.05,14-Feb-2025
262.8,264.95,267.5,269.7,EQ,GMDCLTD,2025-02-16T18:30:00.000Z,39316,1139578,298968945.4,268.45,257.3,28.36,323175,262.35,17-Feb-2025
255.3,253.9,264,262.8,EQ,GMDCLTD,2025-02-17T18:30:00.000Z,25154,850423,217715632.4,266.05,250,39.83,338732,256.01,18-Feb-2025
264.8,265.4,254,255.3,EQ,GMDCLTD,2025-02-18T18:30:00.000Z,28996,813906,215351978.65,268.55,253,28.27,230079,264.59,19-Feb-2025
270.9,270.75,266,264.8,EQ,GMDCLTD,2025-02-19T18:30:00.000Z,21324,647906,174608073.55,273.85,263.8,33.42,216506,269.5,20-Feb-2025
266.95,267,269.45,270.9,EQ,GMDCLTD,2025-02-20T18:30:00.000Z,24425,760386,206464329.7,278.85,266.1,31.36,238474,271.53,21-Feb-2025
261.25,262,266.95,266.95,EQ,GMDCLTD,2025-02-23T18:30:00.000Z,18335,508314,133036816.8,266.95,257.55,36.85,187303,261.72,24-Feb-2025
255.85,256,264.95,261.25,EQ,GMDCLTD,2025-02-24T18:30:00.000Z,17479,644237,167135533.85,265.25,255.05,38.9,250613,259.43,25-Feb-2025
250.75,249.7,256,255.85,EQ,GMDCLTD,2025-02-26T18:30:00.000Z,17387,748273,188273200.5,258.2,248.2,53.97,403843,251.61,27-Feb-2025
241.4,241.7,249,250.75,EQ,GMDCLTD,2025-02-27T18:30:00.000Z,30259,821515,199798613.45,252,238.2,36.58,300481,243.21,28-Feb-2025
238.38,237.3,244.93,241.4,EQ,GMDCLTD,2025-03-02T18:30:00.000Z,37596,1312886,309821140.07,246.36,226.59,30.95,406332,235.98,03-Mar-2025
241.48,242,235.79,238.38,EQ,GMDCLTD,2025-03-03T18:30:00.000Z,28317,1074732,260224554.04,247.79,233.88,40.12,431184,242.13,04-Mar-2025
248.79,249,240.2,241.48,EQ,GMDCLTD,2025-03-04T18:30:00.000Z,29444,981631,243962734.93,250.88,240.14,44.81,439866,248.53,05-Mar-2025
257.53,257.2,254.5,248.79,EQ,GMDCLTD,2025-03-05T18:30:00.000Z,44100,1377000,355531721.76,262.4,252.8,29.13,401164,258.19,06-Mar-2025
261.81,261.4,259,257.53,EQ,GMDCLTD,2025-03-06T18:30:00.000Z,26073,956579,250935127.69,264.9,258.05,38.8,371136,262.33,07-Mar-2025
254.67,253,262,261.81,EQ,GMDCLTD,2025-03-09T18:30:00.000Z,26770,864770,223335623.33,263.78,252.1,36.57,316241,258.26,10-Mar-2025
253.79,255.15,251.87,254.67,EQ,GMDCLTD,2025-03-10T18:30:00.000Z,25427,652678,164762035.6,255.8,248.29,37.35,243760,252.44,11-Mar-2025
251.52,252.33,256.75,253.79,EQ,GMDCLTD,2025-03-11T18:30:00.000Z,19833,734500,186101064.58,258,250.36,46.34,340398,253.37,12-Mar-2025
250.13,250.35,252.95,251.52,EQ,GMDCLTD,2025-03-12T18:30:00.000Z,20745,681634,171893538.64,255.35,249.1,43.37,295634,252.18,13-Mar-2025
246.62,246.1,251.09,250.13,EQ,GMDCLTD,2025-03-16T18:30:00.000Z,18041,707064,176587412.68,253.75,245.05,56.42,398941,249.75,17-Mar-2025
251.92,252.17,250,246.62,EQ,GMDCLTD,2025-03-17T18:30:00.000Z,18508,908499,228824497.33,253.44,247.48,53,481546,251.87,18-Mar-2025
263.58,263.5,254,251.92,EQ,GMDCLTD,2025-03-18T18:30:00.000Z,33230,1328385,347015142.36,264.9,253.18,38.27,508312,261.23,19-Mar-2025
267.35,266.39,267,263.58,EQ,GMDCLTD,2025-03-19T18:30:00.000Z,32625,1437497,386414636.67,274,264.38,40.45,581535,268.81,20-Mar-2025
271.71,272.17,267,267.35,EQ,GMDCLTD,2025-03-20T18:30:00.000Z,33658,1988635,544929790.29,279.4,266.3,31.39,624172,274.02,21-Mar-2025
274.87,274.5,271.68,271.71,EQ,GMDCLTD,2025-03-23T18:30:00.000Z,36052,1634596,450315612.31,279.99,269.8,40.67,664784,275.49,24-Mar-2025
265.63,265.23,276.9,274.87,EQ,GMDCLTD,2025-03-24T18:30:00.000Z,24073,954328,257995210.17,278.76,265,51.73,493700,270.34,25-Mar-2025
260.73,259.85,266.99,265.63,EQ,GMDCLTD,2025-03-25T18:30:00.000Z,26871,1116600,296536066.01,270,258.2,45.93,512874,265.57,26-Mar-2025
265.9,266.3,259.9,260.73,EQ,GMDCLTD,2025-03-26T18:30:00.000Z,35310,1528298,403635234.35,267.85,259.1,51.5,787003,264.11,27-Mar-2025
265.22,264.49,266.9,265.9,EQ,GMDCLTD,2025-03-27T18:30:00.000Z,24688,1222874,329031048.16,272.4,264.1,51.35,627946,269.06,28-Mar-2025
274.35,274,266.5,265.22,EQ,GMDCLTD,2025-03-31T18:30:00.000Z,26097,1115119,303230090.65,275.65,265.85,40.67,453499,271.93,01-Apr-2025
279.15,278.75,275.5,274.35,EQ,GMDCLTD,2025-04-01T18:30:00.000Z,27184,1143074,316166313.55,282.2,267.65,37.64,430199,276.59,02-Apr-2025
288.25,287.75,274.1,279.15,EQ,GMDCLTD,2025-04-02T18:30:00.000Z,32170,1460311,415469329.3,289.85,274.1,37.52,547944,284.51,03-Apr-2025
272.8,274.3,288.25,288.25,EQ,GMDCLTD,2025-04-03T18:30:00.000Z,28898,1148210,318781473.95,289.3,271.3,46.68,536021,277.63,04-Apr-2025
261.65,264,255,272.8,EQ,GMDCLTD,2025-04-06T18:30:00.000Z,31197,1188546,305496895.75,264.95,251,38.64,459293,257.03,07-Apr-2025
267.35,267.05,270,261.65,EQ,GMDCLTD,2025-04-07T18:30:00.000Z,13501,448745,119256845.1,272.55,261.45,35.26,158239,265.76,08-Apr-2025
268.65,267.9,267.05,267.35,EQ,GMDCLTD,2025-04-08T18:30:00.000Z,21159,733955,197003228.05,273.9,261,37.92,278345,268.41,09-Apr-2025
276.05,275.1,275.5,268.65,EQ,GMDCLTD,2025-04-10T18:30:00.000Z,13706,536841,147354657.3,277,271.6,41.19,221139,274.48,11-Apr-2025
287,287.4,280.15,276.05,EQ,GMDCLTD,2025-04-14T18:30:00.000Z,19026,1037983,295236690.35,287.9,280.15,38.82,402996,284.43,15-Apr-2025
315,314,287,287,EQ,GMDCLTD,2025-04-15T18:30:00.000Z,202565,18911450,5989559181.15,325.65,287,9.42,1781370,316.72,16-Apr-2025
319.6,316.5,313,315,EQ,GMDCLTD,2025-04-16T18:30:00.000Z,38461,2394514,760162577.4,322.7,311.4,20.8,498094,317.46,17-Apr-2025
328,326,320.85,319.6,EQ,GMDCLTD,2025-04-20T18:30:00.000Z,33728,1847343,600447874.95,330.7,316.4,35.74,660149,325.03,21-Apr-2025
330.85,328.7,326,328,EQ,GMDCLTD,2025-04-21T18:30:00.000Z,33615,1832576,608009734,336.4,323.4,30.93,566777,331.78,22-Apr-2025
323.9,324.1,330.15,330.85,EQ,GMDCLTD,2025-04-22T18:30:00.000Z,26527,1216908,395111449.7,333.05,319.6,33.22,404288,324.68,23-Apr-2025
324.3,323.05,325.5,323.9,EQ,GMDCLTD,2025-04-23T18:30:00.000Z,24623,803051,261553330.9,329.85,323.05,32.92,264402,325.7,24-Apr-2025
309.1,308.5,324.9,324.3,EQ,GMDCLTD,2025-04-24T18:30:00.000Z,38074,1569081,488726276.05,325.35,304,35.55,557868,311.47,25-Apr-2025
315.3,315.25,310,309.1,EQ,GMDCLTD,2025-04-27T18:30:00.000Z,28766,869969,272462034.8,317.1,307.15,29.89,260032,313.19,28-Apr-2025
313.35,313.15,316.9,315.3,EQ,GMDCLTD,2025-04-28T18:30:00.000Z,13966,500977,158317125.2,320.45,312.35,36.23,181506,316.02,29-Apr-2025
304.15,302.25,313.35,313.35,EQ,GMDCLTD,2025-04-29T18:30:00.000Z,15434,559160,172097312.45,314.25,301.95,44.22,247275,307.78,30-Apr-2025
305.1,306.4,305,304.15,EQ,GMDCLTD,2025-05-01T18:30:00.000Z,24681,1089020,335692441.4,314.8,302.1,37.54,408850,308.25,02-May-2025
308.65,308.2,307.05,305.1,EQ,GMDCLTD,2025-05-04T18:30:00.000Z,12472,463837,142933363.05,310.55,305.25,33.45,155169,308.15,05-May-2025
296.1,295.15,307.1,308.65,EQ,GMDCLTD,2025-05-05T18:30:00.000Z,16395,556020,167560114.3,310.4,295,50.11,278620,301.36,06-May-2025
306.2,306.9,292.1,296.1,EQ,GMDCLTD,2025-05-06T18:30:00.000Z,24982,885482,267100813.4,307.6,291.05,31.98,283161,301.64,07-May-2025
300.15,298,310,306.2,EQ,GMDCLTD,2025-05-07T18:30:00.000Z,17360,546643,167576895.45,312.8,297.15,35.17,192236,306.56,08-May-2025
294.65,294.95,295.6,300.15,EQ,GMDCLTD,2025-05-08T18:30:00.000Z,19898,752970,220566812.55,296,288.95,30.8,231882,292.93,09-May-2025
313.95,314.65,305,294.65,EQ,GMDCLTD,2025-05-11T18:30:00.000Z,29538,1254217,391649779.95,316.2,304.05,34.36,430968,312.27,12-May-2025
311.2,311.3,315,313.95,EQ,GMDCLTD,2025-05-12T18:30:00.000Z,16444,784655,246452568.7,318.5,308.3,47.42,372068,314.09,13-May-2025
319.1,319.5,313,311.2,EQ,GMDCLTD,2025-05-13T18:30:00.000Z,17007,878716,279180135.1,319.9,312.5,42.28,371492,317.71,14-May-2025
329.95,330.1,321.25,319.1,EQ,GMDCLTD,2025-05-14T18:30:00.000Z,50965,3213311,1054260724.9,333.8,320.5,32.65,1049000,328.09,15-May-2025
354.6,353.1,331,329.95,EQ,GMDCLTD,2025-05-15T18:30:00.000Z,74244,5077697,1758774673.65,357.15,328.55,35.73,1814104,346.37,16-May-2025
356.55,356.2,356.3,354.6,EQ,GMDCLTD,2025-05-18T18:30:00.000Z,47539,2699143,972627881,367,353.7,38.65,1043282,360.35,19-May-2025
354.75,354.95,360,356.55,EQ,GMDCLTD,2025-05-19T18:30:00.000Z,33952,1726339,614982753.2,362.9,351,30.97,534568,356.24,20-May-2025
351.85,352.15,355,354.75,EQ,GMDCLTD,2025-05-20T18:30:00.000Z,27670,1508962,532699804.45,362.85,346.25,45.87,692134,353.02,21-May-2025
346.9,347.5,349,351.85,EQ,GMDCLTD,2025-05-21T18:30:00.000Z,20111,864347,300951119.95,354.7,340,40.26,347972,348.18,22-May-2025
354.35,354,348.45,346.9,EQ,GMDCLTD,2025-05-22T18:30:00.000Z,20522,999069,353813323.5,359,346.9,36.47,364361,354.14,23-May-2025
361.7,361.45,357,354.35,EQ,GMDCLTD,2025-05-25T18:30:00.000Z,22770,1124091,404359589.75,363.65,355.15,45.85,515414,359.72,26-May-2025
358.65,358.95,360.65,361.7,EQ,GMDCLTD,2025-05-26T18:30:00.000Z,27102,939432,337160943.65,363.5,354.95,44.72,420071,358.9,27-May-2025
356.8,357,361.5,358.65,EQ,GMDCLTD,2025-05-27T18:30:00.000Z,18806,929741,330859523.7,361.5,351.1,38.77,360460,355.86,28-May-2025
364,364.2,358.15,356.8,EQ,GMDCLTD,2025-05-28T18:30:00.000Z,35055,2117831,771573348.45,370,355.05,38.11,807182,364.32,29-May-2025
357.3,358,364.4,364,EQ,GMDCLTD,2025-05-29T18:30:00.000Z,19492,722099,258888673.4,365.5,354.2,39.34,284098,358.52,30-May-2025
363.05,362.5,358.4,357.3,EQ,GMDCLTD,2025-06-01T18:30:00.000Z,32135,1593156,580337008.4,369.5,358.05,31.65,504189,364.27,02-Jun-2025
366.7,365.95,364.9,363.05,EQ,GMDCLTD,2025-06-02T18:30:00.000Z,48483,2578351,951866278.25,375.2,360.25,35.41,913057,369.18,03-Jun-2025
368.95,369,369,366.7,EQ,GMDCLTD,2025-06-03T18:30:00.000Z,26012,1623373,596874029.05,374,360.1,30.45,494375,367.68,04-Jun-2025
382.6,383,372,368.95,EQ,GMDCLTD,2025-06-04T18:30:00.000Z,71297,4816694,1837118668.55,386,370.7,37.26,1794786,381.41,05-Jun-2025
401.05,400.95,388,382.6,EQ,GMDCLTD,2025-06-05T18:30:00.000Z,176894,15701144,6282038117.2,413.8,385.05,20.61,3235598,400.1,06-Jun-2025
414.25,413.5,405,401.05,EQ,GMDCLTD,2025-06-08T18:30:00.000Z,77333,6346683,2624619143.05,419.9,401.5,32.05,2034247,413.54,09-Jun-2025
410.75,410.3,416,414.25,EQ,GMDCLTD,2025-06-09T18:30:00.000Z,45174,3316743,1373349975.3,422.2,406,29.89,991343,414.07,10-Jun-2025
412.95,413.4,412,410.75,EQ,GMDCLTD,2025-06-10T18:30:00.000Z,49202,3754718,1554360981.45,420.9,406.3,28.57,1072759,413.98,11-Jun-2025
404.25,403.5,413.4,412.95,EQ,GMDCLTD,2025-06-11T18:30:00.000Z,30656,1780719,725172019.7,414.6,401,40.19,715725,407.24,12-Jun-2025
408.7,408.5,390,404.25,EQ,GMDCLTD,2025-06-12T18:30:00.000Z,55456,3296435,1343356734.95,417.7,389.95,34.07,1123122,407.52,13-Jun-2025
413.85,412.05,410,408.7,EQ,GMDCLTD,2025-06-15T18:30:00.000Z,45060,2897999,1181915026.3,416,395,31.12,901876,407.84,16-Jun-2025
399.35,396.55,413,413.85,EQ,GMDCLTD,2025-06-16T18:30:00.000Z,21737,1297445,526631738.75,416.4,395.55,40.02,519266,405.9,17-Jun-2025
395.05,395,398.95,399.35,EQ,GMDCLTD,2025-06-17T18:30:00.000Z,21612,1221515,487174757.75,405,393.1,28.29,345528,398.83,18-Jun-2025
383.45,382.9,395,395.05,EQ,GMDCLTD,2025-06-18T18:30:00.000Z,32959,1621540,629692164.85,400.95,380.8,39.19,635469,388.33,19-Jun-2025
389.8,390,383.1,383.45,EQ,GMDCLTD,2025-06-19T18:30:00.000Z,24407,1169104,454532453.9,393,383,31.24,365249,388.79,20-Jun-2025
393.5,394.4,388.8,389.8,EQ,GMDCLTD,2025-06-22T18:30:00.000Z,16870,858940,336747223.25,396.8,386,33.29,285942,392.05,23-Jun-2025
397.3,397.15,397.5,393.5,EQ,GMDCLTD,2025-06-23T18:30:00.000Z,31794,1826317,733449425.6,408.05,394.6,30.68,560287,401.6,24-Jun-2025
403.5,404,399.9,397.3,EQ,GMDCLTD,2025-06-24T18:30:00.000Z,32493,1814096,737455760.95,411.6,399.85,29.01,526220,406.51,25-Jun-2025
404.75,404,404.6,403.5,EQ,GMDCLTD,2025-06-25T18:30:00.000Z,15587,867939,350728785.95,408.3,400.2,31.71,275239,404.09,26-Jun-2025
411.75,412.7,407,404.75,EQ,GMDCLTD,2025-06-26T18:30:00.000Z,48193,3685633,1522940223,418.6,405.1,35.12,1294554,413.21,27-Jun-2025
411.6,411.55,413.8,411.75,EQ,GMDCLTD,2025-06-29T18:30:00.000Z,40595,3295321,1371267637.45,425.8,410,35.95,1184592,416.13,30-Jun-2025
420.35,421.5,413.6,411.6,EQ,GMDCLTD,2025-06-30T18:30:00.000Z,67840,4943677,2081462001.1,428.35,409.1,32.93,1627809,421.04,01-Jul-2025
417.35,417,425,420.35,EQ,GMDCLTD,2025-07-01T18:30:00.000Z,24735,2012046,838059773.4,425.6,410.55,35.14,706934,416.52,02-Jul-2025
407.7,407.45,417.8,417.35,EQ,GMDCLTD,2025-07-02T18:30:00.000Z,19420,1212179,498996056.15,418.4,405.25,44.34,537532,411.65,03-Jul-2025
407.2,407,407.9,407.7,EQ,GMDCLTD,2025-07-03T18:30:00.000Z,15809,954606,389090928.05,412.45,402,36.53,348747,407.59,04-Jul-2025
396.9,396,406.95,407.2,EQ,GMDCLTD,2025-07-06T18:30:00.000Z,16901,766783,306872326.5,407.25,395.6,41.49,318117,400.21,07-Jul-2025
389.75,390.7,398,396.9,EQ,GMDCLTD,2025-07-07T18:30:00.000Z,32397,1468929,577661518.25,403.8,388.05,44.87,659103,393.25,08-Jul-2025
391.15,390,390.7,389.75,EQ,GMDCLTD,2025-07-08T18:30:00.000Z,21349,993455,389002064.6,395.85,387.75,34.06,338378,391.56,09-Jul-2025
387.5,387.4,391.95,391.15,EQ,GMDCLTD,2025-07-09T18:30:00.000Z,13205,680751,264343525.25,393.8,385,44.29,301525,388.31,10-Jul-2025
379.1,378,387.35,387.5,EQ,GMDCLTD,2025-07-10T18:30:00.000Z,23262,999612,382240317.35,388.95,378,44.31,442938,382.39,11-Jul-2025
376.5,376.2,379.15,379.1,EQ,GMDCLTD,2025-07-13T18:30:00.000Z,18700,817049,308880018.15,383.5,374.8,41.54,339437,378.04,14-Jul-2025
381.25,381.15,376.5,376.5,EQ,GMDCLTD,2025-07-14T18:30:00.000Z,18197,951294,361758678.1,384,375.55,40.32,383592,380.28,15-Jul-2025
379,379,381.9,381.25,EQ,GMDCLTD,2025-07-15T18:30:00.000Z,8235,445846,169080367.5,382.75,377.4,42.91,191295,379.23,16-Jul-2025
379.4,379.95,379.45,379,EQ,GMDCLTD,2025-07-16T18:30:00.000Z,11202,663682,252258192.5,383,377,43.78,290554,380.09,17-Jul-2025
435.3,429.4,380,379.4,EQ,GMDCLTD,2025-07-17T18:30:00.000Z,394077,47193490,20021743743.9,443.1,375.05,11.57,5458423,424.25,18-Jul-2025
435.85,434.5,428.95,435.3,EQ,GMDCLTD,2025-07-20T18:30:00.000Z,154647,12981124,5620312058.85,442.65,422.9,13.49,1751542,432.96,21-Jul-2025
457.5,459,434,435.85,EQ,GMDCLTD,2025-07-21T18:30:00.000Z,247457,25608194,11687570935.35,468,430.45,15.32,3923476,456.4,22-Jul-2025
457.9,456,461.75,457.5,EQ,GMDCLTD,2025-07-22T18:30:00.000Z,117527,11161977,5162065649.4,472.4,449.15,17.83,1990479,462.47,23-Jul-2025
452.45,452,456.75,457.9,EQ,GMDCLTD,2025-07-23T18:30:00.000Z,42663,2901924,1320794583.6,461.1,451,26.82,778299,455.14,24-Jul-2025
434.4,433.7,451.9,452.45,EQ,GMDCLTD,2025-07-24T18:30:00.000Z,41070,2885717,1270142167,455.2,431.95,33.57,968774,440.15,25-Jul-2025
409.45,408.45,420,434.4,EQ,GMDCLTD,2025-07-27T18:30:00.000Z,75096,4967571,2098251465.7,443,403.25,24.74,1229194,422.39,28-Jul-2025
411.1,412,408.8,409.45,EQ,GMDCLTD,2025-07-28T18:30:00.000Z,51095,3147060,1282859117.3,415.95,398,22.81,717804,407.64,29-Jul-2025
402.85,402.4,412,411.1,EQ,GMDCLTD,2025-07-29T18:30:00.000Z,26149,1481677,605816916.7,417.55,401,32.73,484924,408.87,30-Jul-2025
393.8,393.8,397.45,402.85,EQ,GMDCLTD,2025-07-30T18:30:00.000Z,31101,1689462,672753457.95,407.5,391.3,33.79,570789,398.21,31-Jul-2025
381.9,381.5,394.35,393.8,EQ,GMDCLTD,2025-07-31T18:30:00.000Z,25048,1588148,615327670.25,397,379.7,47.2,749569,387.45,01-Aug-2025
408.55,407.7,383.8,381.9,EQ,GMDCLTD,2025-08-03T18:30:00.000Z,331173,26866616,11111212243.95,424,383.6,9.31,2501270,413.57,04-Aug-2025
411.3,410.5,409,408.55,EQ,GMDCLTD,2025-08-04T18:30:00.000Z,46026,3123510,1283967073.65,418.45,405.2,17.9,559048,411.07,05-Aug-2025
396.15,396,412.9,411.3,EQ,GMDCLTD,2025-08-05T18:30:00.000Z,31570,1744111,699393174.2,413.85,394.4,29.03,506383,401,06-Aug-2025
413.95,413,394.8,396.15,EQ,GMDCLTD,2025-08-06T18:30:00.000Z,111211,8783197,3625010748.05,420.8,390.1,11.55,1014527,412.72,07-Aug-2025
402.05,402,412.05,413.95,EQ,GMDCLTD,2025-08-07T18:30:00.000Z,32997,1965960,806658205.25,418.8,399.8,24.6,483675,410.31,08-Aug-2025
418.3,416.4,402.15,402.05,EQ,GMDCLTD,2025-08-10T18:30:00.000Z,35752,2368443,975727839.05,421.5,399.2,24.44,578838,411.97,11-Aug-2025
413,412,418.3,418.3,EQ,GMDCLTD,2025-08-11T18:30:00.000Z,46993,2671251,1116627747.65,427.7,409.05,25.02,668407,418.02,12-Aug-2025
415.55,415.9,415.4,413,EQ,GMDCLTD,2025-08-12T18:30:00.000Z,22680,1257129,522805421.75,419.85,411.85,26.32,330815,415.87,13-Aug-2025
424.95,423.9,416.85,415.55,EQ,GMDCLTD,2025-08-13T18:30:00.000Z,135452,9920292,4282209472.15,440.5,414.05,15.31,1518945,431.66,14-Aug-2025
436.05,436,432,424.95,EQ,GMDCLTD,2025-08-17T18:30:00.000Z,43615,2967279,1284629392.1,439.7,425.55,29.38,871641,432.93,18-Aug-2025
427.7,427.5,437.35,436.05,EQ,GMDCLTD,2025-08-18T18:30:00.000Z,50354,3117928,1356653235.95,446,426,29.01,904405,435.11,19-Aug-2025
419.9,420,426.55,427.7,EQ,GMDCLTD,2025-08-19T18:30:00.000Z,30773,1882845,799301889.2,430.8,417.9,31.57,594446,424.52,20-Aug-2025
427.9,430.8,422,419.9,EQ,GMDCLTD,2025-08-20T18:30:00.000Z,104577,8711843,3817084089,451.9,422,16.24,1414534,438.15,21-Aug-2025
427.3,426.5,430,427.9,EQ,GMDCLTD,2025-08-21T18:30:00.000Z,25235,1886373,811767210.55,436.4,425.05,22.91,432188,430.33,22-Aug-2025
421.5,419.9,428,427.3,EQ,GMDCLTD,2025-08-24T18:30:00.000Z,18624,1069602,454088187.85,429.95,419.5,35.77,382613,424.54,25-Aug-2025
409.65,409.5,419.7,421.5,EQ,GMDCLTD,2025-08-25T18:30:00.000Z,23378,1130743,468833353.75,421,407.1,31.28,353713,414.62,26-Aug-2025
415.1,414.6,408.55,409.65,EQ,GMDCLTD,2025-08-27T18:30:00.000Z,33997,1747805,724448755,420.95,403.7,19.2,335606,414.49,28-Aug-2025
403.85,400.3,414,415.1,EQ,GMDCLTD,2025-08-28T18:30:00.000Z,25032,1224634,501914125.8,418,400,35.08,429562,409.85,29-Aug-2025
431.4,430.5,403.8,403.85,EQ,GMDCLTD,2025-08-31T18:30:00.000Z,124270,7842441,3350178871.2,435,401.6,17.89,1402782,427.19,01-Sep-2025
440.05,441.25,432.5,431.4,EQ,GMDCLTD,2025-09-01T18:30:00.000Z,60867,4267311,1871671632.5,445,428.25,28.19,1202831,438.61,02-Sep-2025
459.7,459,440.1,440.05,EQ,GMDCLTD,2025-09-02T18:30:00.000Z,104688,8282396,3782522888.15,464.95,439.1,24.47,2026335,456.69,03-Sep-2025
455.2,455.7,465,459.7,EQ,GMDCLTD,2025-09-03T18:30:00.000Z,58317,4083787,1887271782.65,475,452.85,27.6,1126985,462.14,04-Sep-2025
509,508,455.2,455.2,EQ,GMDCLTD,2025-09-04T18:30:00.000Z,388314,34448673,17243198025,515,451.9,14.71,5065854,500.55,05-Sep-2025
539.15,540.1,512.8,509,EQ,GMDCLTD,2025-09-07T18:30:00.000Z,203285,16864200,9059145805.25,546.85,512.35,12.38,2088512,537.18,08-Sep-2025
522.5,523,537,539.15,EQ,GMDCLTD,2025-09-08T18:30:00.000Z,79122,5655788,2953384468.3,537.75,515.05,19.82,1120946,522.19,09-Sep-2025
522.35,524.2,521.25,522.5,EQ,GMDCLTD,2025-09-09T18:30:00.000Z,108467,7448428,3967027400.4,551.5,518.4,21.06,1568722,532.6,10-Sep-2025
514.35,514.75,525,522.35,EQ,GMDCLTD,2025-09-10T18:30:00.000Z,511631,47510503,25040186217.65,568.45,489.4,8.85,4206249,527.05,11-Sep-2025
569.85,565.8,518,514.35,EQ,GMDCLTD,2025-09-11T18:30:00.000Z,383041,36955357,20369608490.05,577.8,516.5,12.62,4665586,551.2,12-Sep-2025
560.35,559.6,565.1,569.85,EQ,GMDCLTD,2025-09-14T18:30:00.000Z,163193,13789972,7775270158.1,581,552.65,17.23,2375786,563.84,15-Sep-2025
547.95,548.3,560.35,560.35,EQ,GMDCLTD,2025-09-15T18:30:00.000Z,66434,5032682,2764479476.05,561.65,544,26.05,1311044,549.31,16-Sep-2025
547.7,551.55,552,547.95,EQ,GMDCLTD,2025-09-16T18:30:00.000Z,53348,4571697,2524717861.15,560,544.25,25.4,1161258,552.25,17-Sep-2025
552.05,550,546.3,547.7,EQ,GMDCLTD,2025-09-17T18:30:00.000Z,54429,4536532,2493148509.65,559.8,537.2,19.72,894664,549.57,18-Sep-2025
572.05,572,552.1,552.05,EQ,GMDCLTD,2025-09-18T18:30:00.000Z,182511,15704829,9012120380,586.9,547.25,15.41,2420417,573.84,19-Sep-2025
565.15,567.95,572.3,572.05,EQ,GMDCLTD,2025-09-21T18:30:00.000Z,69457,5523233,3183721888.25,588,560,20.42,1127885,576.42,22-Sep-2025
627.4,625.6,569.5,565.15,EQ,GMDCLTD,2025-09-22T18:30:00.000Z,572648,53264312,32913220849.45,642,565.55,9.26,4929785,617.92,23-Sep-2025
606.2,604.2,626.15,627.4,EQ,GMDCLTD,2025-09-23T18:30:00.000Z,117148,10022091,6157634611.55,631.45,603,18.76,1880387,614.41,24-Sep-2025
602.15,605.5,605.4,606.2,EQ,GMDCLTD,2025-09-24T18:30:00.000Z,79498,7640970,4658238502.25,619.8,594.7,19.6,1497773,609.64,25-Sep-2025
589,589.25,605.2,602.15,EQ,GMDCLTD,2025-09-25T18:30:00.000Z,69073,6075181,3634660638.35,614.9,577.5,17.29,1050595,598.28,26-Sep-2025
602.9,601,592,589,EQ,GMDCLTD,2025-09-28T18:30:00.000Z,86693,7523375,4572990634,622.55,587.05,16.98,1277158,607.84,29-Sep-2025
599.05,598,606.65,602.9,EQ,GMDCLTD,2025-09-29T18:30:00.000Z,56870,5172555,3126347420.9,617.9,586,20.24,1047101,604.41,30-Sep-2025
620.6,618,605,599.05,EQ,GMDCLTD,2025-09-30T18:30:00.000Z,62237,5774253,3539625267.2,629.6,597.4,21.77,1257156,613,01-Oct-2025
613.1,613,621.95,620.6,EQ,GMDCLTD,2025-10-02T18:30:00.000Z,86893,7729140,4801351564.85,639,599.05,19.65,1518522,621.2,03-Oct-2025
610.7,612,618,613.1,EQ,GMDCLTD,2025-10-05T18:30:00.000Z,56607,4133550,2552697229.55,628.75,607,28.43,1175367,617.56,06-Oct-2025
583.95,581,614,610.7,EQ,GMDCLTD,2025-10-06T18:30:00.000Z,70715,4932149,2930476230.9,618,580,40.06,1975715,594.16,07-Oct-2025
587.3,584.5,589,583.95,EQ,GMDCLTD,2025-10-07T18:30:00.000Z,76747,5729794,3406141709.35,607.6,580,17.8,1020025,594.46,08-Oct-2025
630.3,630.1,595.9,587.3,EQ,GMDCLTD,2025-10-08T18:30:00.000Z,167186,13982658,8605623265.95,635,585.2,21.14,2955326,615.45,09-Oct-2025
606.55,602.5,633,630.3,EQ,GMDCLTD,2025-10-09T18:30:00.000Z,132153,9828867,6135728149.6,651,601.2,29.98,2946599,624.26,10-Oct-2025
597.05,596.5,607.2,606.55,EQ,GMDCLTD,2025-10-12T18:30:00.000Z,56043,4116209,2467244573.6,609.7,592.5,26.95,1109358,599.4,13-Oct-2025
588.85,587,597.2,597.05,EQ,GMDCLTD,2025-10-13T18:30:00.000Z,51214,3804226,2270801034,609.7,583.25,27.3,1038437,596.92,14-Oct-2025
601.95,602,592,588.85,EQ,GMDCLTD,2025-10-14T18:30:00.000Z,51136,3555539,2127878351.5,608,588,19.74,701695,598.47,15-Oct-2025
590.65,590,605.7,601.95,EQ,GMDCLTD,2025-10-15T18:30:00.000Z,36127,2144239,1281917934.15,609.2,584.15,30.34,650470,597.84,16-Oct-2025
567.1,566.8,591,590.65,EQ,GMDCLTD,2025-10-16T18:30:00.000Z,53083,2992949,1725794980.1,592.5,563.7,37.92,1135059,576.62,17-Oct-2025
578.2,578.6,572.15,567.1,EQ,GMDCLTD,2025-10-19T18:30:00.000Z,49564,3246432,1856685897.65,584.65,558.6,23.58,765618,571.92,20-Oct-2025
584.65,584,583.7,578.2,EQ,GMDCLTD,2025-10-20T18:30:00.000Z,11671,628043,367335018.65,588.8,581.6,39.43,247627,584.89,21-Oct-2025
581.3,578,588,584.65,EQ,GMDCLTD,2025-10-22T18:30:00.000Z,32970,1801986,1044747621.95,589.95,573,27.59,497162,579.78,23-Oct-2025
585.3,584.45,578.95,581.3,EQ,GMDCLTD,2025-10-23T18:30:00.000Z,54121,3467021,2039150266.85,598,575.2,20.46,709190,588.16,24-Oct-2025
577.8,577.5,587.3,585.3,EQ,GMDCLTD,2025-10-26T18:30:00.000Z,30722,1694335,983321220.6,587.75,575.8,27.68,468929,580.36,27-Oct-2025
578.75,577.4,578.1,577.8,EQ,GMDCLTD,2025-10-27T18:30:00.000Z,39926,2211688,1292949257.1,594,575.35,24.72,546775,584.6,28-Oct-2025
591.2,592.25,579.25,578.75,EQ,GMDCLTD,2025-10-28T18:30:00.000Z,66403,4702152,2794314149.9,606,577.9,25.48,1198333,594.26,29-Oct-2025
595.1,594.5,591,591.2,EQ,GMDCLTD,2025-10-29T18:30:00.000Z,60525,4049176,2423080197.95,605,585.1,24.13,977253,598.41,30-Oct-2025
594.3,592.9,594.5,595.1,EQ,GMDCLTD,2025-10-30T18:30:00.000Z,54211,3663906,2203541814.8,610,590,27.47,1006590,601.42,31-Oct-2025
600.45,601.25,595.55,594.3,EQ,GMDCLTD,2025-11-02T18:30:00.000Z,46233,3187168,1918278499.65,609.5,592.6,24.38,776875,601.88,03-Nov-2025
588.1,583.85,602.9,600.45,EQ,GMDCLTD,2025-11-03T18:30:00.000Z,32793,1688591,1004791848.8,605.45,581.6,40,675458,595.05,04-Nov-2025
566.75,565.8,585.3,588.1,EQ,GMDCLTD,2025-11-05T18:30:00.000Z,37518,1830728,1051120001.15,586.9,564.15,39.92,730864,574.15,06-Nov-2025
600.3,599.5,561.6,566.75,EQ,GMDCLTD,2025-11-06T18:30:00.000Z,74935,5058758,2984973652.85,605,561.5,27.8,1406385,590.06,07-Nov-2025
599.55,597.15,602,600.3,EQ,GMDCLTD,2025-11-09T18:30:00.000Z,69140,4516151,2745347318.7,618,596,24.45,1103987,607.9,10-Nov-2025
599.9,598.45,599.55,599.55,EQ,GMDCLTD,2025-11-10T18:30:00.000Z,28414,1641405,978741081.1,602.4,589.6,28.73,471574,596.28,11-Nov-2025
594.15,592.5,600,599.9,EQ,GMDCLTD,2025-11-11T18:30:00.000Z,22803,1324546,793539932.15,606.8,591.4,31.08,411632,599.1,12-Nov-2025
588.9,588.15,594.7,594.15,EQ,GMDCLTD,2025-11-12T18:30:00.000Z,28186,1591955,948404117.05,603.85,585,32.3,514175,595.75,13-Nov-2025
567.6,566.05,588.9,588.9,EQ,GMDCLTD,2025-11-13T18:30:00.000Z,95899,5998596,3431235871.65,596.95,556.6,18.81,1128094,572.01,14-Nov-2025
563.45,562.95,567.4,567.6,EQ,GMDCLTD,2025-11-16T18:30:00.000Z,39214,2115068,1204098538.3,577.9,562,27.73,586561,569.3,17-Nov-2025
543.5,543,565.9,563.45,EQ,GMDCLTD,2025-11-17T18:30:00.000Z,50657,3133125,1711019198.45,567.7,538.5,31.76,995161,546.11,18-Nov-2025
515.4,516,542.05,543.5,EQ,GMDCLTD,2025-11-18T18:30:00.000Z,63100,3713296,1949752070.55,543,512,35.49,1317926,525.07,19-Nov-2025
510.05,507.85,517.9,515.4,EQ,GMDCLTD,2025-11-19T18:30:00.000Z,47983,2664156,1384116196.3,528.8,505,25.86,688979,519.53,20-Nov-2025
488.9,487.85,509,510.05,EQ,GMDCLTD,2025-11-20T18:30:00.000Z,91135,5652675,2807251295.05,511.8,484.05,24.09,1361705,496.62,21-Nov-2025
469.6,469.65,486.45,488.9,EQ,GMDCLTD,2025-11-23T18:30:00.000Z,46792,2664620,1273077695.1,492.7,467.9,28.83,768245,477.77,24-Nov-2025
488.05,486,471.1,469.6,EQ,GMDCLTD,2025-11-24T18:30:00.000Z,69162,4046377,1954967498.85,490.5,466.4,16.06,649670,483.14,25-Nov-2025
528.1,534,492.35,488.05,EQ,GMDCLTD,2025-11-25T18:30:00.000Z,138277,11323019,5814034809.8,534.8,487.75,16.08,1820208,513.47,26-Nov-2025
553.15,553.6,543.4,528.1,EQ,GMDCLTD,2025-11-26T18:30:00.000Z,566428,49398164,27708565134.7,575.9,538.75,8.1,4001280,560.92,27-Nov-2025
539.3,537.95,555,553.15,EQ,GMDCLTD,2025-11-27T18:30:00.000Z,93338,6659439,3623313839.45,556.3,536.9,15.04,1001458,544.09,28-Nov-2025
551.85,552.7,542,539.3,EQ,GMDCLTD,2025-11-30T18:30:00.000Z,92510,6589102,3646142394.45,563.5,541,15.77,1038814,553.36,01-Dec-2025
540.7,540.35,550,551.85,EQ,GMDCLTD,2025-12-01T18:30:00.000Z,34966,2166991,1181978917.2,555.25,539.1,25.75,557938,545.45,02-Dec-2025
521.2,520,541.6,540.7,EQ,GMDCLTD,2025-12-02T18:30:00.000Z,36569,2171456,1147344798.25,542.95,520,28.49,618559,528.38,03-Dec-2025
529.6,528.35,521,521.2,EQ,GMDCLTD,2025-12-03T18:30:00.000Z,68532,4784295,2538699651.7,540.7,519.35,12.55,600478,530.63,04-Dec-2025
514.4,515.25,530,529.6,EQ,GMDCLTD,2025-12-04T18:30:00.000Z,34590,1977309,1023895763.65,530.1,511.75,24.99,494130,517.82,05-Dec-2025
489.8,488.8,515,514.4,EQ,GMDCLTD,2025-12-07T18:30:00.000Z,43892,2612318,1302336951.05,515.6,488,36.64,957225,498.54,08-Dec-2025
491.45,493.9,489.8,489.8,EQ,GMDCLTD,2025-12-08T18:30:00.000Z,64882,4069535,1971604389.35,495.7,473.7,21.97,894074,484.48,09-Dec-2025
486.95,482.2,494,491.45,EQ,GMDCLTD,2025-12-09T18:30:00.000Z,43599,2485124,1217835086.25,499.95,481.3,23.52,584409,490.05,10-Dec-2025
494.1,490.5,483,486.95,EQ,GMDCLTD,2025-12-10T18:30:00.000Z,64251,3903693,1933810818,509.4,476.9,15.37,599951,495.38,11-Dec-2025
519.9,519.6,504,494.1,EQ,GMDCLTD,2025-12-11T18:30:00.000Z,155382,11663541,6077585612.65,529.9,499,10.13,1180970,521.08,12-Dec-2025
535.9,534.65,517.75,519.9,EQ,GMDCLTD,2025-12-14T18:30:00.000Z,69565,4826288,2564711718.7,538,514.65,16.73,807368,531.4,15-Dec-2025
521.45,520.9,530.55,535.9,EQ,GMDCLTD,2025-12-15T18:30:00.000Z,29047,1505155,789327650.85,534.65,519,27.47,413443,524.42,16-Dec-2025
502.85,502,523,521.45,EQ,GMDCLTD,2025-12-16T18:30:00.000Z,44247,2745250,1395538460,528.8,499,26.15,717923,508.35,17-Dec-2025
515.05,514.5,502.7,502.85,EQ,GMDCLTD,2025-12-17T18:30:00.000Z,63087,3973733,2032021178.1,517.75,498.5,11.65,463129,511.36,18-Dec-2025
516.75,515,518,515.05,EQ,GMDCLTD,2025-12-18T18:30:00.000Z,35099,2168967,1123856108.25,531.65,511.2,19.61,425289,518.15,19-Dec-2025
516.75,517,518.1,516.75,EQ,GMDCLTD,2025-12-21T18:30:00.000Z,25064,1534198,798066566.15,525.8,514,31.65,485620,520.18,22-Dec-2025
527.9,530,518,516.75,EQ,GMDCLTD,2025-12-22T18:30:00.000Z,84656,5948146,3182674964.7,543.5,516.1,19.71,1172119,535.07,23-Dec-2025
545.65,546.45,530.3,527.9,EQ,GMDCLTD,2025-12-23T18:30:00.000Z,90970,7018893,3836550727.8,557.9,528.45,19.89,1396257,546.6,24-Dec-2025
589,583.65,548.5,545.65,EQ,GMDCLTD,2025-12-25T18:30:00.000Z,292261,25397549,14932520644.25,611.5,544.15,14.77,3750512,587.95,26-Dec-2025
597.25,592.6,589,589,EQ,GMDCLTD,2025-12-28T18:30:00.000Z,196141,15917317,9594360609.5,618,584.75,14.45,2299818,602.76,29-Dec-2025
595.7,593.9,592.6,597.25,EQ,GMDCLTD,2025-12-29T18:30:00.000Z,94004,6380297,3746105505.3,598.7,573,18.72,1194092,587.14,30-Dec-2025
598.75,596,593.75,595.7,EQ,GMDCLTD,2025-12-30T18:30:00.000Z,87440,7311294,4425726044.6,619.95,589.95,21.9,1600867,605.33,31-Dec-2025
599.5,598.9,598.95,598.75,EQ,GMDCLTD,2025-12-31T18:30:00.000Z,42925,2964686,1783757824.2,609.75,594.05,24.17,716523,601.67,01-Jan-2026
619.45,619.5,601.9,599.5,EQ,GMDCLTD,2026-01-01T18:30:00.000Z,121705,9572985,5906236436.15,628,598.15,27.4,2623390,616.97,02-Jan-2026
609.3,610,622,619.45,EQ,GMDCLTD,2026-01-04T18:30:00.000Z,66401,4326425,2676406031.95,632.5,606.5,31.46,1360889,618.62,05-Jan-2026
612.25,613.1,612,609.3,EQ,GMDCLTD,2026-01-05T18:30:00.000Z,87103,5572304,3458554011.55,631.65,609.3,19.1,1064404,620.67,06-Jan-2026
607.1,606.45,614,612.25,EQ,GMDCLTD,2026-01-06T18:30:00.000Z,61758,4566798,2818317377.85,629.4,603.2,22.67,1035335,617.13,07-Jan-2026
567.75,567,610.9,607.1,EQ,GMDCLTD,2026-01-07T18:30:00.000Z,87522,5621244,3277419076.4,612.8,565,33.25,1869120,583.04,08-Jan-2026
551.55,551.5,563.7,567.75,EQ,GMDCLTD,2026-01-08T18:30:00.000Z,63440,4072664,2297283682.5,577.45,549,21.51,876138,564.07,09-Jan-2026
563.75,564.95,555,551.55,EQ,GMDCLTD,2026-01-11T18:30:00.000Z,93591,6201572,3446319023.95,568.6,534.6,15.49,960355,555.72,12-Jan-2026
570.35,570,571.8,563.75,EQ,GMDCLTD,2026-01-12T18:30:00.000Z,76766,5671529,3249809221.55,584,561.4,17.2,975387,573,13-Jan-2026
572.35,572.9,571,570.35,EQ,GMDCLTD,2026-01-13T18:30:00.000Z,53375,3523082,2027616732.35,582.8,568.15,21.61,761372,575.52,14-Jan-2026
556.45,557,574,572.35,EQ,GMDCLTD,2026-01-15T18:30:00.000Z,32652,2084279,1175296813.8,578.35,554.05,30.47,635120,563.89,16-Jan-2026
539,539.35,556.45,556.45,EQ,GMDCLTD,2026-01-18T18:30:00.000Z,33366,1633508,890382707.65,556.45,537,28.52,465935,545.07,19-Jan-2026
541.15,543.5,550.4,539,EQ,GMDCLTD,2026-01-19T18:30:00.000Z,122190,9270498,5104672986.6,565.95,531.05,11.85,1098906,550.64,20-Jan-2026
536.3,538.1,541.15,541.15,EQ,GMDCLTD,2026-01-20T18:30:00.000Z,55621,3513944,1897151417.4,547.35,528.15,17.02,598247,539.89,21-Jan-2026
539.25,537.95,543.05,536.3,EQ,GMDCLTD,2026-01-21T18:30:00.000Z,32406,1879531,1014445075.55,548.8,532.55,23.98,450729,539.73,22-Jan-2026
518.8,516.9,541.65,539.25,EQ,GMDCLTD,2026-01-22T18:30:00.000Z,36185,1815399,965889539.2,547,515.1,28.56,518392,532.05,23-Jan-2026
529.15,532.05,521.05,518.8,EQ,GMDCLTD,2026-01-26T18:30:00.000Z,57108,2626632,1381023608.35,533.3,513,20.59,540913,525.78,27-Jan-2026
558.6,559,532.05,529.15,EQ,GMDCLTD,2026-01-27T18:30:00.000Z,68298,4686091,2588156096.3,564.45,529.2,23.16,1085233,552.31,28-Jan-2026
618.35,618,564,558.6,EQ,GMDCLTD,2026-01-28T18:30:00.000Z,168879,13998282,8349334137.6,624,559.45,19.92,2787992,596.45,29-Jan-2026
577.75,575.45,602.9,618.35,EQ,GMDCLTD,2026-01-29T18:30:00.000Z,111233,6600372,3899884307.85,608,571.55,26.07,1720401,590.86,30-Jan-2026
577.5,575,560,577.75,EQ,GMDCLTD,2026-01-31T18:30:00.000Z,189629,9487279,5598274451.3,618,556,12.35,1171830,590.08,01-Feb-2026
576.5,578.95,577.5,577.5,EQ,GMDCLTD,2026-02-01T18:30:00.000Z,68672,3456383,1972318130.25,584,558,19.35,668743,570.63,02-Feb-2026
590,589.2,602.35,576.5,EQ,GMDCLTD,2026-02-02T18:30:00.000Z,51257,2955027,1746916565.85,602.9,583.05,28.96,855706,591.17,03-Feb-2026
614.55,613.9,590.25,590,EQ,GMDCLTD,2026-02-03T18:30:00.000Z,88136,6072023,3693852683.35,619.65,586,30.56,1855780,608.34,04-Feb-2026
613.85,613.1,610,614.55,EQ,GMDCLTD,2026-02-04T18:30:00.000Z,104853,7300265,4499670519.9,627,603,19.6,1431055,616.37,05-Feb-2026
600.1,599.05,609,613.85,EQ,GMDCLTD,2026-02-05T18:30:00.000Z,44928,2811624,1697897302,615.9,594.1,24.41,686295,603.88,06-Feb-2026
623.3,624.45,605.4,600.1,EQ,GMDCLTD,2026-02-08T18:30:00.000Z,139084,10802772,6782005334.75,641,603,33.03,3568248,627.8,09-Feb-2026
605.35,605.9,628,623.3,EQ,GMDCLTD,2026-02-09T18:30:00.000Z,67634,5027036,3110702625.5,638.8,603.1,31.94,1605671,618.79,10-Feb-2026
594.2,597,609.8,605.35,EQ,GMDCLTD,2026-02-10T18:30:00.000Z,56508,3901419,2314476928,609.9,582.3,30.13,1175675,593.24,11-Feb-2026
591.45,589.9,597,594.2,EQ,GMDCLTD,2026-02-11T18:30:00.000Z,38675,2437355,1455177298.1,604.85,588.05,30.51,743695,597.03,12-Feb-2026
571.1,568.35,587.15,591.45,EQ,GMDCLTD,2026-02-12T18:30:00.000Z,42652,2178121,1254404306.65,587.15,564,38.96,848670,575.91,13-Feb-2026
563.8,565.5,565.85,571.1,EQ,GMDCLTD,2026-02-15T18:30:00.000Z,34647,1927376,1084897677.5,569,557,30.2,581995,562.89,16-Feb-2026
541.95,543.95,556,563.8,EQ,GMDCLTD,2026-02-16T18:30:00.000Z,63216,3819051,2080397117.3,563.6,536.6,35.42,1352702,544.74,17-Feb-2026
576.65,575,545.1,541.95,EQ,GMDCLTD,2026-02-17T18:30:00.000Z,82588,5914154,3350949036.15,580.9,545.1,21.32,1260856,566.6,18-Feb-2026
560.9,558.9,576.65,576.65,EQ,GMDCLTD,2026-02-18T18:30:00.000Z,38628,2110530,1203517799.8,581.8,552,25.82,545010,570.24,19-Feb-2026
567.6,567.95,556,560.9,EQ,GMDCLTD,2026-02-19T18:30:00.000Z,64550,4074426,2343026135.15,585.75,556,18.29,745119,575.06,20-Feb-2026
564.2,564.35,574.05,567.6,EQ,GMDCLTD,2026-02-22T18:30:00.000Z,26709,1557320,884386611,578.7,560.75,32.43,504964,567.89,23-Feb-2026
560.85,563.5,560,564.2,EQ,GMDCLTD,2026-02-23T18:30:00.000Z,28296,1437156,804198027.55,568.25,552.55,31.54,453225,559.58,24-Feb-2026
564.65,564.4,566,560.85,EQ,GMDCLTD,2026-02-24T18:30:00.000Z,31301,1627328,925384702,576.95,561.6,28.31,460628,568.65,25-Feb-2026
576.8,576,568.6,564.65,EQ,GMDCLTD,2026-02-25T18:30:00.000Z,37585,2075670,1189276233.6,579.45,562.7,32.18,668007,572.96,26-Feb-2026
569.4,567,581.65,576.8,EQ,GMDCLTD,2026-02-26T18:30:00.000Z,52137,3087978,1770660699.2,582.7,565,26.72,825176,573.4,27-Feb-2026
551.45,553.85,545,569.4,EQ,GMDCLTD,2026-03-01T18:30:00.000Z,40960,1975553,1097864256.85,568.9,542.55,31.86,629416,555.73,02-Mar-2026
530.45,526,544,551.45,EQ,GMDCLTD,2026-03-03T18:30:00.000Z,51692,2246103,1196691390.25,546.7,521,33.83,759772,532.79,04-Mar-2026
544.75,545.6,538,530.45,EQ,GMDCLTD,2026-03-04T18:30:00.000Z,54432,2866183,1568979096.15,556.25,538,24.51,702549,547.41,05-Mar-2026
546.85,545.75,547.9,544.75,EQ,GMDCLTD,2026-03-05T18:30:00.000Z,27150,1330265,731779184.35,556,544.8,27.11,360686,550.1,06-Mar-2026
530.05,532.75,535,546.85,EQ,GMDCLTD,2026-03-08T18:30:00.000Z,38815,1724543,912527995.9,538,523,35.82,617673,529.14,09-Mar-2026
547.5,550.5,541,530.05,EQ,GMDCLTD,2026-03-09T18:30:00.000Z,29766,1588763,862150525.7,550.5,537.05,33.7,535402,542.66,10-Mar-2026
542.35,541.4,550,547.5,EQ,GMDCLTD,2026-03-10T18:30:00.000Z,36980,1768674,978973968.35,564.45,540,27.81,491838,553.51,11-Mar-2026
555.5,556.85,539.6,542.35,EQ,GMDCLTD,2026-03-11T18:30:00.000Z,46180,2137993,1178533624.35,562.65,531.7,24.21,517502,551.23,12-Mar-2026
528.75,530,554,555.5,EQ,GMDCLTD,2026-03-12T18:30:00.000Z,47433,1812575,975755112.3,557.85,527.2,36.28,657652,538.33,13-Mar-2026
532.1,531,530,528.75,EQ,GMDCLTD,2026-03-15T18:30:00.000Z,55220,2032930,1079081565.15,538.95,523.15,24.87,505503,530.8,16-Mar-2026
553.1,552,541,532.1,EQ,GMDCLTD,2026-03-16T18:30:00.000Z,90295,4702437,2575465004.9,559.4,535.1,19.99,939969,547.69,17-Mar-2026
559.25,560.8,553.8,553.1,EQ,GMDCLTD,2026-03-17T18:30:00.000Z,55612,2801215,1561974699.2,566.5,546.4,31.85,892259,557.61,18-Mar-2026
534.15,536.3,548,559.25,EQ,GMDCLTD,2026-03-18T18:30:00.000Z,27831,1374289,747015585.3,557.65,531.65,31.18,428458,543.57,19-Mar-2026
575.7,580,539.9,534.15,EQ,GMDCLTD,2026-03-19T18:30:00.000Z,391905,32107235,18579132633.65,599,539,13.39,4300102,578.66,20-Mar-2026
569.05,562.3,566,575.7,EQ,GMDCLTD,2026-03-22T18:30:00.000Z,143573,7318326,4210361540.2,586,562.3,16.34,1195859,575.32,23-Mar-2026
574,574,584,569.05,EQ,GMDCLTD,2026-03-23T18:30:00.000Z,48548,3569629,2054963987.8,587.45,566.55,30.36,1083755,575.68,24-Mar-2026
578.65,577.8,584,574,EQ,GMDCLTD,2026-03-24T18:30:00.000Z,40025,2594131,1515304358.6,590.5,576,23.85,618731,584.13,25-Mar-2026
566.6,564,577.8,578.65,EQ,GMDCLTD,2026-03-26T18:30:00.000Z,40899,1944081,1106358328.15,582,561,31.37,609949,569.09,27-Mar-2026
566.15,565.95,560,566.6,EQ,GMDCLTD,2026-03-29T18:30:00.000Z,67214,3614114,2060740048.6,579.4,548.05,17.92,647526,570.19,30-Mar-2026
580.3,579,582.1,566.15,EQ,GMDCLTD,2026-03-31T18:30:00.000Z,36998,2107349,1231632517,590.95,575.6,23.35,492030,584.45,01-Apr-2026
582.35,581.95,569.8,580.3,EQ,GMDCLTD,2026-04-01T18:30:00.000Z,37555,2265219,1302985085.15,584.85,565.15,42.04,952192,575.21,02-Apr-2026
597.1,597,581,582.35,EQ,GMDCLTD,2026-04-05T18:30:00.000Z,73390,2788595,1651851553.8,600,574.2,27.05,754244,592.36,06-Apr-2026
593.1,591,597,597.1,EQ,GMDCLTD,2026-04-06T18:30:00.000Z,64844,3683882,2216690395.1,612,590,26.32,969697,601.73,07-Apr-2026
600.25,600.9,609,593.1,EQ,GMDCLTD,2026-04-07T18:30:00.000Z,29572,2050301,1235586950.95,609,596.75,32.58,668086,602.64,08-Apr-2026
604.35,605.3,602,600.25,EQ,GMDCLTD,2026-04-08T18:30:00.000Z,39038,2535617,1536305591.35,614,596,27.71,702497,605.89,09-Apr-2026
603.1,602.6,608,604.35,EQ,GMDCLTD,2026-04-09T18:30:00.000Z,29618,2013456,1222322286.9,614.4,599,29.22,588320,607.08,10-Apr-2026
614.6,614.3,597,603.1,EQ,GMDCLTD,2026-04-12T18:30:00.000Z,61766,4431370,2714771996.8,625,590.25,28.1,1245062,612.63,13-Apr-2026
622.3,622.6,627.5,614.6,EQ,GMDCLTD,2026-04-14T18:30:00.000Z,72499,4775985,3016168270.05,643,620,31.95,1526155,631.53,15-Apr-2026
746.75,746.75,628.4,622.3,EQ,GMDCLTD,2026-04-15T18:30:00.000Z,575739,51557208,36713473422,746.75,623.25,15.14,7803942,712.09,16-Apr-2026
736.9,729,746.75,746.75,EQ,GMDCLTD,2026-04-16T18:30:00.000Z,452897,31100876,23079760482.5,771.9,714.2,11.39,3543241,742.09,17-Apr-2026
691.25,690,728.95,736.9,EQ,GMDCLTD,2026-04-19T18:30:00.000Z,176585,11199942,7837585919.7,732.7,689,23.83,2668981,699.79,20-Apr-2026
689.5,690.2,695,691.25,EQ,GMDCLTD,2026-04-20T18:30:00.000Z,81940,4842635,3374132262.5,707.85,683.1,21.45,1038766,696.76,21-Apr-2026
691.35,693,690,689.5,EQ,GMDCLTD,2026-04-21T18:30:00.000Z,45282,3110507,2156465230.8,701,684.65,20.07,624166,693.28,22-Apr-2026
682.85,684.05,690,691.35,EQ,GMDCLTD,2026-04-22T18:30:00.000Z,41544,2513995,1732971636.6,700.45,678,24.52,616331,689.33,23-Apr-2026
669.85,670.1,686,682.85,EQ,GMDCLTD,2026-04-23T18:30:00.000Z,54710,3365213,2250768875.35,690.4,654,31.14,1047992,668.83,24-Apr-2026
698.55,698.5,673,669.85,EQ,GMDCLTD,2026-04-26T18:30:00.000Z,71647,4593877,3177208313.35,703.9,673,34.79,1598051,691.62,27-Apr-2026
714.4,714.3,702,698.55,EQ,GMDCLTD,2026-04-27T18:30:00.000Z,211631,13288503,9654303379.35,753.25,697.8,20.03,2661793,726.52,28-Apr-2026
740.05,744,718.05,714.4,EQ,GMDCLTD,2026-04-28T18:30:00.000Z,143088,9350592,6902092169.45,754.3,712.6,21.47,2007982,738.14,29-Apr-2026
736.15,737,742,740.05,EQ,GMDCLTD,2026-04-29T18:30:00.000Z,66481,4040540,2982791775.45,752.35,725.25,22.85,923077,738.22,30-Apr-2026
727.6,734.7,740,736.15,EQ,GMDCLTD,2026-05-03T18:30:00.000Z,47955,2667508,1936125474.95,743.8,712.65,30.27,807400,725.82,04-May-2026
715.35,711.95,728.15,727.6,EQ,GMDCLTD,2026-05-04T18:30:00.000Z,45355,2553577,1852045407.7,746.45,705.6,31.62,807553,725.27,05-May-2026
699.8,702,716,715.35,EQ,GMDCLTD,2026-05-05T18:30:00.000Z,75298,4278784,2980865072.5,720.8,682.9,30.81,1318462,696.66,06-May-2026
703.7,704.4,703.9,699.8,EQ,GMDCLTD,2026-05-06T18:30:00.000Z,50262,3274665,2318227415.25,719.5,699,25.47,834067,707.93,07-May-2026
684.7,686,704.45,703.7,EQ,GMDCLTD,2026-05-07T18:30:00.000Z,41260,2412337,1665207248.1,707.45,682.2,44.34,1069715,690.29,08-May-2026
663.2,665,681,684.7,EQ,GMDCLTD,2026-05-10T18:30:00.000Z,56297,2930879,1949710185.6,681,654.5,40.47,1186083,665.23,11-May-2026
643.1,643.2,662.5,663.2,EQ,GMDCLTD,2026-05-11T18:30:00.000Z,63196,3476294,2301265466.5,677.65,640.1,28.21,980620,661.99,12-May-2026
663.1,660.55,646.8,643.1,EQ,GMDCLTD,2026-05-12T18:30:00.000Z,46504,2461900,1630043968.95,670.5,646,23.12,569246,662.11,13-May-2026
663.5,664.5,668.4,663.1,EQ,GMDCLTD,2026-05-13T18:30:00.000Z,50424,2859570,1910712475.3,679.85,656.15,29,829234,668.18,14-May-2026
652.6,653.6,658.7,663.5,EQ,GMDCLTD,2026-05-14T18:30:00.000Z,65791,3451686,2267479560.05,674.2,636.2,19.18,661999,656.92,15-May-2026
632.8,636,648,652.6,EQ,GMDCLTD,2026-05-17T18:30:00.000Z,35300,1950336,1232808275.95,648,625,28.22,550436,632.1,18-May-2026
643.85,641.5,637,632.8,EQ,GMDCLTD,2026-05-18T18:30:00.000Z,28732,1544110,990977575.35,647.5,633,23.74,366631,641.78,19-May-2026
642.8,640.55,638.6,643.85,EQ,GMDCLTD,2026-05-19T18:30:00.000Z,18675,892708,569933784.45,645.4,631.1,26.32,234961,638.43,20-May-2026
652.2,650.95,648.2,642.8,EQ,GMDCLTD,2026-05-20T18:30:00.000Z,38731,2298754,1512550256.1,668.75,647.05,24.47,562551,657.99,21-May-2026
651.5,652.95,654.05,652.2,EQ,GMDCLTD,2026-05-21T18:30:00.000Z,23691,1247471,815615199.45,663.9,648.7,22.32,278430,653.81,22-May-2026
655.55,655,657.1,651.5,EQ,GMDCLTD,2026-05-24T18:30:00.000Z,20755,1012049,665197866.1,664.95,652.1,32.16,325507,657.28,25-May-2026
693.15,694.8,655,655.55,EQ,GMDCLTD,2026-05-25T18:30:00.000Z,149965,9108067,6260656342.9,698.2,652.6,22.13,2015990,687.37,26-May-2026
699.1,697.2,697.75,693.15,EQ,GMDCLTD,2026-05-26T18:30:00.000Z,61176,3551221,2492657380.5,708.2,695.55,26.29,933472,701.92,27-May-2026
670,667,704.7,699.1,EQ,GMDCLTD,2026-05-28T18:30:00.000Z,41604,2081626,1421577068.35,704.95,660.05,39.83,829212,682.92,29-May-2026
668.15,670,670.95,670,EQ,GMDCLTD,2026-05-31T18:30:00.000Z,47302,2204836,1491441339.2,690.25,665.05,22.01,485225,676.44,01-Jun-2026
668.4,669.9,664.05,668.15,EQ,GMDCLTD,2026-06-01T18:30:00.000Z,48888,1998092,1332841850.55,678.7,654,22.5,449670,667.06,02-Jun-2026
666.85,668.5,670,668.4,EQ,GMDCLTD,2026-06-02T18:30:00.000Z,35228,1576676,1047779386.2,675.65,652.05,20.68,325983,664.55,03-Jun-2026
676.85,674.95,668,666.85,EQ,GMDCLTD,2026-06-03T18:30:00.000Z,34583,1776470,1203615208.65,684.2,667.9,23.56,418543,677.53,04-Jun-2026
657.75,658.55,680,676.85,EQ,GMDCLTD,2026-06-04T18:30:00.000Z,30354,1624548,1078640238.6,680,656.05,35.61,578466,663.96,05-Jun-2026
609.65,608,649.95,657.75,EQ,GMDCLTD,2026-06-07T18:30:00.000Z,53275,3123540,1951937601.15,651.25,595.2,53.47,1670240,624.91,08-Jun-2026
627.8,629,610.95,609.65,EQ,GMDCLTD,2026-06-08T18:30:00.000Z,35135,1700315,1055503538.4,629.9,608.75,31.91,542578,620.77,09-Jun-2026
604.3,603.7,630,627.8,EQ,GMDCLTD,2026-06-09T18:30:00.000Z,37053,1919699,1174927936.05,630.45,602,40.2,771808,612.04,10-Jun-2026
588.75,589.9,600.9,604.3,EQ,GMDCLTD,2026-06-10T18:30:00.000Z,36875,1748607,1042536508.3,606.9,585.55,34.09,596165,596.21,11-Jun-2026
612.3,612,601,588.75,EQ,GMDCLTD,2026-06-11T18:30:00.000Z,33550,1932744,1169090120.9,614.5,596.35,28.4,548853,604.89,12-Jun-2026
607.2,607.9,622.2,612.3,EQ,GMDCLTD,2026-06-14T18:30:00.000Z,31496,1624874,998110549.3,624.4,605,42.42,689321,614.27,15-Jun-2026
619.35,620,609.6,607.2,EQ,GMDCLTD,2026-06-15T18:30:00.000Z,26501,1420420,872352290.45,621.25,604,28.52,405052,614.15,16-Jun-2026
620.55,620,622,619.35,EQ,GMDCLTD,2026-06-16T18:30:00.000Z,30501,1842539,1148632310.5,631.9,614.4,25.86,476406,623.4,17-Jun-2026
619.05,618,623,620.55,EQ,GMDCLTD,2026-06-17T18:30:00.000Z,21760,1114696,692846077.65,628.45,615.05,32.48,362106,621.56,18-Jun-2026
612.9,612.8,615,619.05,EQ,GMDCLTD,2026-06-18T18:30:00.000Z,15371,792372,486667283.35,619.8,610.55,44.35,351456,614.19,19-Jun-2026
615,613.2,614.25,612.9,EQ,GMDCLTD,2026-06-21T18:30:00.000Z,19608,929294,574149497.2,623.8,613.2,34.79,323276,617.83,22-Jun-2026
601.4,600,615,615,EQ,GMDCLTD,2026-06-22T18:30:00.000Z,31428,895453,542280160.1,616.55,600,39.69,355389,605.59,23-Jun-2026
597,596,601.4,601.4,EQ,GMDCLTD,2026-06-23T18:30:00.000Z,16443,743757,444382978.6,603.7,592,35.92,267148,597.48,24-Jun-2026
586.3,584,597,597,EQ,GMDCLTD,2026-06-24T18:30:00.000Z,17291,742396,438120539.3,598.75,583.65,42.6,316233,590.14,25-Jun-2026
578.4,579.4,584.55,586.3,EQ,GMDCLTD,2026-06-28T18:30:00.000Z,30337,1019609,593433682.35,593.85,576.3,39.78,405559,582.02,29-Jun-2026
583.95,585.5,580.4,578.4,EQ,GMDCLTD,2026-06-29T18:30:00.000Z,23998,1007996,584158813.25,587.3,571.75,27.94,281630,579.52,30-Jun-2026
610.65,609.3,582,583.95,EQ,GMDCLTD,2026-06-30T18:30:00.000Z,64815,3416293,2062956404.8,612.8,579.6,20.77,709666,603.86,01-Jul-2026
608.85,606.25,613,610.65,EQ,GMDCLTD,2026-07-01T18:30:00.000Z,37675,1630450,997744615.8,618.1,604.6,26.36,429726,611.94,02-Jul-2026
603.1,603,612,608.85,EQ,GMDCLTD,2026-07-02T18:30:00.000Z,20579,970906,591792922.4,621.4,600,34.63,336270,609.53,03-Jul-2026
598.05,596.65,603.1,603.1,EQ,GMDCLTD,2026-07-05T18:30:00.000Z,15802,591986,354582401.9,604.75,595,32.77,193968,598.97,06-Jul-2026
586.3,585.6,597.85,598.05,EQ,GMDCLTD,2026-07-06T18:30:00.000Z,18679,627627,369519903.95,599.1,585,38.39,240935,588.76,07-Jul-2026
583.55,581,582.25,586.3,EQ,GMDCLTD,2026-07-07T18:30:00.000Z,51465,2292382,1370140561.75,611,580.5,18.43,422463,597.69,08-Jul-2026
586.1,586.6,585,583.55,EQ,GMDCLTD,2026-07-08T18:30:00.000Z,22675,892071,525045816.25,596.75,579.75,25.39,226473,588.57,09-Jul-2026
589.75,591.45,590,586.1,EQ,GMDCLTD,2026-07-09T18:30:00.000Z,24202,927409,551973257.95,603.05,587.2,33.89,314327,595.18,10-Jul-2026
589.55,590.7,584,589.75,EQ,GMDCLTD,2026-07-12T18:30:00.000Z,19571,713078,420589118.5,596.1,581.35,31.78,226625,589.82,13-Jul-2026
586,586.1,587,589.55,EQ,GMDCLTD,2026-07-13T18:30:00.000Z,20133,731862,432262789.7,598.9,584.55,31.02,226989,590.63,14-Jul-2026
596.1,596,588,586,EQ,GMDCLTD,2026-07-14T18:30:00.000Z,28242,1250224,745093172.3,602.8,588,28.15,351949,595.97,15-Jul-2026
586.65,585.95,598,596.1,EQ,GMDCLTD,2026-07-15T18:30:00.000Z,19045,681936,403035274.75,600.5,584.85,49.03,334377,591.02,16-Jul-2026
581.5,580.4,586.55,586.65,EQ,GMDCLTD,2026-07-16T18:30:00.000Z,14954,495474,288846868.4,588.4,579.6,35.42,175483,582.97,17-Jul-2026
577.35,575.95,578.5,581.5,EQ,GMDCLTD,2026-07-19T18:30:00.000Z,14875,516384,299880094.1,588,573.6,34.23,176751,580.73,20-Jul-2026
580.3,581,575.85,577.35,EQ,GMDCLTD,2026-07-20T18:30:00.000Z,17993,613543,356369922.2,587.2,575.85,29.44,180637,580.84,21-Jul-2026
560.25,563,580.3,580.3,EQ,GMDCLTD,2026-07-21T18:30:00.000Z,23251,798852,454222296.6,582.4,558.1,43.68,348972,568.59,22-Jul-2026
562.95,563.95,557,560.25,EQ,GMDCLTD,2026-07-22T18:30:00.000Z,24500,879564,498948993.8,573.8,556.6,25.75,226458,567.27,23-Jul-2026
562.55,561,558,562.95,EQ,GMDCLTD,2026-07-23T18:30:00.000Z,19389,664245,370756305.4,564.9,551,35.3,234497,558.16,24-Jul-2026
562.15,562,565,562.55,EQ,GMDCLTD,2026-07-26T18:30:00.000Z,14936,472075,266207326.6,568,560.1,34.58,163260,563.91,27-Jul-2026
553.8,553.4,560.2,562.15,EQ,GMDCLTD,2026-07-27T18:30:00.000Z,10874,375052,208879655.8,563.8,552,38.79,145495,556.94,28-Jul-2026
574.25,574.15,554.7,553.8,EQ,GMDCLTD,2026-07-28T18:30:00.000Z,28660,1122256,639725906.65,576.9,554.7,25.32,284118,570.04,29-Jul-2026
559.65,561.4,576,574.25,EQ,GMDCLTD,2026-07-29T18:30:00.000Z,21087,841124,477164375.3,579.7,558,39.77,334534,567.29,30-Jul-2026
564.25,561,564.4,559.65,EQ,GMDCLTD,2026-07-30T18:30:00.000Z,72303,2867677,1626027549.95,578.45,548.1,15.17,435087,567.02,31-Jul-2026
561,560.5,562,564.25,EQ,GMDCLTD,2026-08-02T18:30:00.000Z,19481,769090,433362771.4,569,558.25,40.91,314644,563.47,03-Aug-2026
556,555.6,561.25,561,EQ,GMDCLTD,2026-08-03T18:30:00.000Z,31341,1507304,849200104.75,575,554,33.47,504443,563.39,04-Aug-2026
579.9,582,558,556,EQ,GMDCLTD,2026-08-04T18:30:00.000Z,42195,2369220,1358683782.8,583.35,558,38.68,916418,573.47,05-Aug-2026
596.75,594.6,585,579.9,EQ,GMDCLTD,2026-08-05T18:30:00.000Z,73177,4412031,2624650485.45,603.65,581.35,22.74,1003406,594.88,06-Aug-2026
582.8,583.8,594,596.75,EQ,GMDCLTD,2026-08-06T18:30:00.000Z,21718,980159,573035485.75,594,580.3,37.77,370169,584.64,07-Aug-2026
603.15,602.9,584,582.8,EQ,GMDCLTD,2026-08-09T18:30:00.000Z,51229,2799779,1677634897.35,606.55,580.15,30.86,863997,599.2,10-Aug-2026
603,602.8,603.15,603.15,EQ,GMDCLTD,2026-08-10T18:30:00.000Z,24671,1132164,683779321.05,609.15,599.35,36.08,408462,603.96,11-Aug-2026
603.2,602.45,602.9,603,EQ,GMDCLTD,2026-08-11T18:30:00.000Z,47729,2552352,1556025274.1,617.15,600.5,33.55,856226,609.64,12-Aug-2026
593.25,591.5,605,603.2,EQ,GMDCLTD,2026-08-12T18:30:00.000Z,21480,911910,544647104.9,609,590.1,42.21,384880,597.26,13-Aug-2026
580.8,579.9,591,593.25,EQ,GMDCLTD,2026-08-13T18:30:00.000Z,29770,906062,529781845.5,596,578.5,44.87,406569,584.71,14-Aug-2026
574,576.05,579,580.8,EQ,GMDCLTD,2026-08-16T18:30:00.000Z,24749,986723,570712215.5,585,570,44.35,437607,578.39,17-Aug-2026
570.7,569.25,574.05,574,EQ,GMDCLTD,2026-08-17T18:30:00.000Z,24523,787437,454330459.3,585.65,568.1,39.8,313376,576.97,18-Aug-2026
557.75,557.7,571.05,570.7,EQ,GMDCLTD,2026-08-18T18:30:00.000Z,20457,910963,511983391.85,573.35,555.8,50.5,459998,562.02,19-Aug-2026
561.95,562,562,557.75,EQ,GMDCLTD,2026-08-19T18:30:00.000Z,20176,738582,415412098.65,567,558.85,38.03,280899,562.45,20-Aug-2026
570,570,562.05,561.95,EQ,GMDCLTD,2026-08-20T18:30:00.000Z,41111,2025953,1170447683.25,586.55,562.05,23.37,473554,577.73,21-Aug-2026
570.85,571.5,573.9,570,EQ,GMDCLTD,2026-08-23T18:30:00.000Z,19129,670794,385304999,580.9,568.4,37.23,249750,574.4,24-Aug-2026
567.35,567.5,574.35,570.85,EQ,GMDCLTD,2026-08-24T18:30:00.000Z,15553,554608,315249643.6,578.8,563.1,34.96,193878,568.42,25-Aug-2026
578.95,578.95,571,567.35,EQ,GMDCLTD,2026-08-25T18:30:00.000Z,21855,923022,531184302.05,582.85,567.5,33.93,313141,575.48,26-Aug-2026
567.25,567,578.95,578.95,EQ,GMDCLTD,2026-08-26T18:30:00.000Z,19944,569849,325091104.9,580.2,566,45.64,260098,570.49,27-Aug-2026
567.65,567.5,567,567.25,EQ,GMDCLTD,2026-08-27T18:30:00.000Z,16469,736396,419079084.95,574.35,565.6,44.33,326472,569.09,28-Aug-2026
563.05,565,567.65,567.65,EQ,GMDCLTD,2026-08-30T18:30:00.000Z,15358,549539,308129632.85,567.65,556.9,42.93,235904,560.71,31-Aug-2026
562.25,562.85,564.7,563.05,EQ,GMDCLTD,2026-08-31T18:30:00.000Z,32904,1018206,576574463.2,573.9,558.8,34.04,346636,566.27,01-Sep-2026
557.65,558.9,558,562.25,EQ,GMDCLTD,2026-09-01T18:30:00.000Z,13243,395940,221030619.8,562.85,555.55,38.63,152969,558.24,02-Sep-2026
565.85,565.1,560,557.65,EQ,GMDCLTD,2026-09-02T18:30:00.000Z,20522,594866,335916328.35,568.55,559.9,35.46,210940,564.69,03-Sep-2026
562.95,563,566.2,565.85,EQ,GMDCLTD,2026-09-03T18:30:00.000Z,15769,503162,284277700.3,570.75,561,33.01,166092,564.98,04-Sep-2026
557.6,557.5,562.95,562.95,EQ,GMDCLTD,2026-09-06T18:30:00.000Z,12489,357732,199942287.4,564.65,556.8,46.14,165074,558.92,07-Sep-2026
568.85,568.65,558.1,557.6,EQ,GMDCLTD,2026-09-07T18:30:00.000Z,34113,1454970,825012382.9,576.1,552.75,25.25,367405,567.03,08-Sep-2026
574.55,573.85,571.7,568.85,EQ,GMDCLTD,2026-09-08T18:30:00.000Z,44546,1869082,1081968140.4,585,569.95,28.7,536343,578.88,09-Sep-2026
580.4,577.05,578.8,574.55,EQ,GMDCLTD,2026-09-09T18:30:00.000Z,94420,4880225,2879989032.15,601,577,16.2,790810,590.13,10-Sep-2026
575.35,576.35,577.85,580.4,EQ,GMDCLTD,2026-09-10T18:30:00.000Z,25665,667017,382365175.8,577.85,569.1,35.05,205290,573.25,11-Sep-2026
553.45,552.45,577,575.35,EQ,GMDCLTD,2026-09-14T18:30:00.000Z,28256,947898,531398236.65,580,552,41.98,397889,560.61,15-Sep-2026
543.35,543,553.45,553.45,EQ,GMDCLTD,2026-09-15T18:30:00.000Z,27217,801915,435586901.9,557,535.05,36.92,296105,543.18,16-Sep-2026
